010100000101000010110110000011111000011100010001100111000001000000000001010100110000100011100110011111110011101001010110010011000101010111110100110010100011111001000111001010111001111110000010
110111110000010010000101011011111100000101010111001110110100001100110110001011011111101100110000011110100110000111110010010001111100110010000010111000101010111110001100101111101011000101001000
001100011101010111110001100001010001111011011011010100001100101010011000100010110011100000000001101101000110101001100010000011111010001010011011011101010100001111001101100000001000101100111100
101010100001000111100001111001101100101000001001011111001000010001111001101100100100110100000111101110011000010011001011011011100011111111001011010100111100111101110001011101000001000111101011
011100111010100111000010100110110010000001011100000101010001001111001010110000011011101110010001111100101000001100000001000010101101101100000011011111010101010101111000011001011110111001010011
110001010101001110111101010010011110010010001001101011010100010000001100111000000100001101010111011100110110110101011010001101000001001001101100100110011101011010111100100011110000101110111000
110001000100100111000011000010111110000110001001000111000011110011111010110001001011100111001011110011111001101001010111110000011000001100000101001101010011111001111100000011111001010010001011
111110101100000011011111110001011011101100010001011001101011101110101101011101110000110011110001010011000110110111100111110001010111010000100010000010011011010001101111101101001001101100111011
011010010100001100010100001000100100100111110100101101010010100111010001110011110000011011101101101100111111100000110100001100110010101100000011100100100100110001110101001101011000000111101000
110001001100101000011011110110000010001111111001100010001010101110010100001110101100111011110011110100111101001001000011011100011111111100111110000010011111101010010100000011101101110011101111
