7 0 0 6 0 0 6 0
7 0 0 6 0 0 6 -5
7 0 0 6 0 0 7 0
7 0 0 6 0 0 7 -5
7 0 0 6 0 0 8 0
7 0 0 6 0 0 8 -5
7 0 1 6 0 1 6 0
7 0 1 6 0 1 6 -5
7 0 1 6 0 1 7 0
7 0 1 6 0 1 7 -5
7 0 1 6 0 1 8 0
7 0 1 6 0 1 8 -5
7 0 0 7 0 0 6 0
7 0 0 7 0 0 6 -5
7 0 0 7 0 0 7 0
7 0 0 7 0 0 7 -5
7 0 0 7 0 0 8 0
7 0 0 7 0 0 8 -5
7 0 1 7 0 1 6 0
7 0 1 7 0 1 6 -5
7 0 1 7 0 1 7 0
7 0 1 7 0 1 7 -5
7 0 1 7 0 1 8 0
7 0 1 7 0 1 8 -5
8 0 0 6 0 0 6 0
8 0 0 6 0 0 6 -6
8 0 0 6 0 0 7 0
8 0 0 6 0 0 7 -6
8 0 0 6 0 0 8 0
8 0 0 6 0 0 8 -6
8 0 0 6 0 0 9 0
8 0 0 6 0 0 9 -6
8 0 1 6 0 1 6 0
8 0 1 6 0 1 6 -6
8 0 1 6 0 1 7 0
8 0 1 6 0 1 7 -6
8 0 1 6 0 1 8 0
8 0 1 6 0 1 8 -6
8 0 1 6 0 1 9 0
8 0 1 6 0 1 9 -6
8 0 0 7 0 0 6 0
8 0 0 7 0 0 6 -6
8 0 0 7 0 0 7 0
8 0 0 7 0 0 7 -6
8 0 0 7 0 0 8 0
8 0 0 7 0 0 8 -6
8 0 0 7 0 0 9 0
8 0 0 7 0 0 9 -6
8 0 1 7 0 1 6 0
8 0 1 7 0 1 6 -6
8 0 1 7 0 1 7 0
8 0 1 7 0 1 7 -6
8 0 1 7 0 1 8 0
8 0 1 7 0 1 8 -6
8 0 1 7 0 1 9 0
8 0 1 7 0 1 9 -6
8 0 0 8 0 0 6 0
8 0 0 8 0 0 6 -6
8 0 0 8 0 0 7 0
8 0 0 8 0 0 7 -6
8 0 0 8 0 0 8 0
8 0 0 8 0 0 8 -6
8 0 0 8 0 0 9 0
8 0 0 8 0 0 9 -6
8 0 1 8 0 1 6 0
8 0 1 8 0 1 6 -6
8 0 1 8 0 1 7 0
8 0 1 8 0 1 7 -6
8 0 1 8 0 1 8 0
8 0 1 8 0 1 8 -6
8 0 1 8 0 1 9 0
8 0 1 8 0 1 9 -6
9 0 0 6 0 0 6 0
9 0 0 6 0 0 6 -7
9 0 0 6 0 0 7 0
9 0 0 6 0 0 7 -7
9 0 0 6 0 0 8 0
9 0 0 6 0 0 8 -7
9 0 0 6 0 0 9 0
9 0 0 6 0 0 9 -7
9 0 0 6 0 0 10 0
9 0 0 6 0 0 10 -7
9 0 1 6 0 1 6 0
9 0 1 6 0 1 6 -7
9 0 1 6 0 1 7 0
9 0 1 6 0 1 7 -7
9 0 1 6 0 1 8 0
9 0 1 6 0 1 8 -7
9 0 1 6 0 1 9 0
9 0 1 6 0 1 9 -7
9 0 1 6 0 1 10 0
9 0 1 6 0 1 10 -7
9 0 0 7 0 0 6 0
9 0 0 7 0 0 6 -7
9 0 0 7 0 0 7 0
9 0 0 7 0 0 7 -7
9 0 0 7 0 0 8 0
9 0 0 7 0 0 8 -7
9 0 0 7 0 0 9 0
9 0 0 7 0 0 9 -7
9 0 0 7 0 0 10 0
9 0 0 7 0 0 10 -7
9 0 1 7 0 1 6 0
9 0 1 7 0 1 6 -7
9 0 1 7 0 1 7 0
9 0 1 7 0 1 7 -7
9 0 1 7 0 1 8 0
9 0 1 7 0 1 8 -7
9 0 1 7 0 1 9 0
9 0 1 7 0 1 9 -7
9 0 1 7 0 1 10 0
9 0 1 7 0 1 10 -7
9 0 0 8 0 0 6 0
9 0 0 8 0 0 6 -7
9 0 0 8 0 0 7 0
9 0 0 8 0 0 7 -7
9 0 0 8 0 0 8 0
9 0 0 8 0 0 8 -7
9 0 0 8 0 0 9 0
9 0 0 8 0 0 9 -7
9 0 0 8 0 0 10 0
9 0 0 8 0 0 10 -7
9 0 1 8 0 1 6 0
9 0 1 8 0 1 6 -7
9 0 1 8 0 1 7 0
9 0 1 8 0 1 7 -7
9 0 1 8 0 1 8 0
9 0 1 8 0 1 8 -7
9 0 1 8 0 1 9 0
9 0 1 8 0 1 9 -7
9 0 1 8 0 1 10 0
9 0 1 8 0 1 10 -7
9 0 0 9 0 0 6 0
9 0 0 9 0 0 6 -7
9 0 0 9 0 0 7 0
9 0 0 9 0 0 7 -7
9 0 0 9 0 0 8 0
9 0 0 9 0 0 8 -7
9 0 0 9 0 0 9 0
9 0 0 9 0 0 9 -7
9 0 0 9 0 0 10 0
9 0 0 9 0 0 10 -7
9 0 1 9 0 1 6 0
9 0 1 9 0 1 6 -7
9 0 1 9 0 1 7 0
9 0 1 9 0 1 7 -7
9 0 1 9 0 1 8 0
9 0 1 9 0 1 8 -7
9 0 1 9 0 1 9 0
9 0 1 9 0 1 9 -7
9 0 1 9 0 1 10 0
9 0 1 9 0 1 10 -7
10 0 0 6 0 0 6 0
10 0 0 6 0 0 6 -8
10 0 0 6 0 0 7 0
10 0 0 6 0 0 7 -8
10 0 0 6 0 0 8 0
10 0 0 6 0 0 8 -8
10 0 0 6 0 0 9 0
10 0 0 6 0 0 9 -8
10 0 0 6 0 0 10 0
10 0 0 6 0 0 10 -8
10 0 0 6 0 0 11 0
10 0 0 6 0 0 11 -8
10 0 1 6 0 1 6 0
10 0 1 6 0 1 6 -8
10 0 1 6 0 1 7 0
10 0 1 6 0 1 7 -8
10 0 1 6 0 1 8 0
10 0 1 6 0 1 8 -8
10 0 1 6 0 1 9 0
10 0 1 6 0 1 9 -8
10 0 1 6 0 1 10 0
10 0 1 6 0 1 10 -8
10 0 1 6 0 1 11 0
10 0 1 6 0 1 11 -8
10 0 0 7 0 0 6 0
10 0 0 7 0 0 6 -8
10 0 0 7 0 0 7 0
10 0 0 7 0 0 7 -8
10 0 0 7 0 0 8 0
10 0 0 7 0 0 8 -8
10 0 0 7 0 0 9 0
10 0 0 7 0 0 9 -8
10 0 0 7 0 0 10 0
10 0 0 7 0 0 10 -8
10 0 0 7 0 0 11 0
10 0 0 7 0 0 11 -8
10 0 1 7 0 1 6 0
10 0 1 7 0 1 6 -8
10 0 1 7 0 1 7 0
10 0 1 7 0 1 7 -8
10 0 1 7 0 1 8 0
10 0 1 7 0 1 8 -8
10 0 1 7 0 1 9 0
10 0 1 7 0 1 9 -8
10 0 1 7 0 1 10 0
10 0 1 7 0 1 10 -8
10 0 1 7 0 1 11 0
10 0 1 7 0 1 11 -8
10 0 0 8 0 0 6 0
10 0 0 8 0 0 6 -8
10 0 0 8 0 0 7 0
10 0 0 8 0 0 7 -8
10 0 0 8 0 0 8 0
10 0 0 8 0 0 8 -8
10 0 0 8 0 0 9 0
10 0 0 8 0 0 9 -8
10 0 0 8 0 0 10 0
10 0 0 8 0 0 10 -8
10 0 0 8 0 0 11 0
10 0 0 8 0 0 11 -8
10 0 1 8 0 1 6 0
10 0 1 8 0 1 6 -8
10 0 1 8 0 1 7 0
10 0 1 8 0 1 7 -8
10 0 1 8 0 1 8 0
10 0 1 8 0 1 8 -8
10 0 1 8 0 1 9 0
10 0 1 8 0 1 9 -8
10 0 1 8 0 1 10 0
10 0 1 8 0 1 10 -8
10 0 1 8 0 1 11 0
10 0 1 8 0 1 11 -8
10 0 0 9 0 0 6 0
10 0 0 9 0 0 6 -8
10 0 0 9 0 0 7 0
10 0 0 9 0 0 7 -8
10 0 0 9 0 0 8 0
10 0 0 9 0 0 8 -8
10 0 0 9 0 0 9 0
10 0 0 9 0 0 9 -8
10 0 0 9 0 0 10 0
10 0 0 9 0 0 10 -8
10 0 0 9 0 0 11 0
10 0 0 9 0 0 11 -8
10 0 1 9 0 1 6 0
10 0 1 9 0 1 6 -8
10 0 1 9 0 1 7 0
10 0 1 9 0 1 7 -8
10 0 1 9 0 1 8 0
10 0 1 9 0 1 8 -8
10 0 1 9 0 1 9 0
10 0 1 9 0 1 9 -8
10 0 1 9 0 1 10 0
10 0 1 9 0 1 10 -8
10 0 1 9 0 1 11 0
10 0 1 9 0 1 11 -8
10 0 0 10 0 0 6 0
10 0 0 10 0 0 6 -8
10 0 0 10 0 0 7 0
10 0 0 10 0 0 7 -8
10 0 0 10 0 0 8 0
10 0 0 10 0 0 8 -8
10 0 0 10 0 0 9 0
10 0 0 10 0 0 9 -8
10 0 0 10 0 0 10 0
10 0 0 10 0 0 10 -8
10 0 0 10 0 0 11 0
10 0 0 10 0 0 11 -8
10 0 1 10 0 1 6 0
10 0 1 10 0 1 6 -8
10 0 1 10 0 1 7 0
10 0 1 10 0 1 7 -8
10 0 1 10 0 1 8 0
10 0 1 10 0 1 8 -8
10 0 1 10 0 1 9 0
10 0 1 10 0 1 9 -8
10 0 1 10 0 1 10 0
10 0 1 10 0 1 10 -8
10 0 1 10 0 1 11 0
10 0 1 10 0 1 11 -8
11 0 0 6 0 0 6 0
11 0 0 6 0 0 6 -9
11 0 0 6 0 0 7 0
11 0 0 6 0 0 7 -9
11 0 0 6 0 0 8 0
11 0 0 6 0 0 8 -9
11 0 0 6 0 0 9 0
11 0 0 6 0 0 9 -9
11 0 0 6 0 0 10 0
11 0 0 6 0 0 10 -9
11 0 0 6 0 0 11 0
11 0 0 6 0 0 11 -9
11 0 0 6 0 0 12 0
11 0 0 6 0 0 12 -9
11 0 1 6 0 1 6 0
11 0 1 6 0 1 6 -9
11 0 1 6 0 1 7 0
11 0 1 6 0 1 7 -9
11 0 1 6 0 1 8 0
11 0 1 6 0 1 8 -9
11 0 1 6 0 1 9 0
11 0 1 6 0 1 9 -9
11 0 1 6 0 1 10 0
11 0 1 6 0 1 10 -9
11 0 1 6 0 1 11 0
11 0 1 6 0 1 11 -9
11 0 1 6 0 1 12 0
11 0 1 6 0 1 12 -9
11 0 0 7 0 0 6 0
11 0 0 7 0 0 6 -9
11 0 0 7 0 0 7 0
11 0 0 7 0 0 7 -9
11 0 0 7 0 0 8 0
11 0 0 7 0 0 8 -9
11 0 0 7 0 0 9 0
11 0 0 7 0 0 9 -9
11 0 0 7 0 0 10 0
11 0 0 7 0 0 10 -9
11 0 0 7 0 0 11 0
11 0 0 7 0 0 11 -9
11 0 0 7 0 0 12 0
11 0 0 7 0 0 12 -9
11 0 1 7 0 1 6 0
11 0 1 7 0 1 6 -9
11 0 1 7 0 1 7 0
11 0 1 7 0 1 7 -9
11 0 1 7 0 1 8 0
11 0 1 7 0 1 8 -9
11 0 1 7 0 1 9 0
11 0 1 7 0 1 9 -9
11 0 1 7 0 1 10 0
11 0 1 7 0 1 10 -9
11 0 1 7 0 1 11 0
11 0 1 7 0 1 11 -9
11 0 1 7 0 1 12 0
11 0 1 7 0 1 12 -9
11 0 0 8 0 0 6 0
11 0 0 8 0 0 6 -9
11 0 0 8 0 0 7 0
11 0 0 8 0 0 7 -9
11 0 0 8 0 0 8 0
11 0 0 8 0 0 8 -9
11 0 0 8 0 0 9 0
11 0 0 8 0 0 9 -9
11 0 0 8 0 0 10 0
11 0 0 8 0 0 10 -9
11 0 0 8 0 0 11 0
11 0 0 8 0 0 11 -9
11 0 0 8 0 0 12 0
11 0 0 8 0 0 12 -9
11 0 1 8 0 1 6 0
11 0 1 8 0 1 6 -9
11 0 1 8 0 1 7 0
11 0 1 8 0 1 7 -9
11 0 1 8 0 1 8 0
11 0 1 8 0 1 8 -9
11 0 1 8 0 1 9 0
11 0 1 8 0 1 9 -9
11 0 1 8 0 1 10 0
11 0 1 8 0 1 10 -9
11 0 1 8 0 1 11 0
11 0 1 8 0 1 11 -9
11 0 1 8 0 1 12 0
11 0 1 8 0 1 12 -9
11 0 0 9 0 0 6 0
11 0 0 9 0 0 6 -9
11 0 0 9 0 0 7 0
11 0 0 9 0 0 7 -9
11 0 0 9 0 0 8 0
11 0 0 9 0 0 8 -9
11 0 0 9 0 0 9 0
11 0 0 9 0 0 9 -9
11 0 0 9 0 0 10 0
11 0 0 9 0 0 10 -9
11 0 0 9 0 0 11 0
11 0 0 9 0 0 11 -9
11 0 0 9 0 0 12 0
11 0 0 9 0 0 12 -9
11 0 1 9 0 1 6 0
11 0 1 9 0 1 6 -9
11 0 1 9 0 1 7 0
11 0 1 9 0 1 7 -9
11 0 1 9 0 1 8 0
11 0 1 9 0 1 8 -9
11 0 1 9 0 1 9 0
11 0 1 9 0 1 9 -9
11 0 1 9 0 1 10 0
11 0 1 9 0 1 10 -9
11 0 1 9 0 1 11 0
11 0 1 9 0 1 11 -9
11 0 1 9 0 1 12 0
11 0 1 9 0 1 12 -9
11 0 0 10 0 0 6 0
11 0 0 10 0 0 6 -9
11 0 0 10 0 0 7 0
11 0 0 10 0 0 7 -9
11 0 0 10 0 0 8 0
11 0 0 10 0 0 8 -9
11 0 0 10 0 0 9 0
11 0 0 10 0 0 9 -9
11 0 0 10 0 0 10 0
11 0 0 10 0 0 10 -9
11 0 0 10 0 0 11 0
11 0 0 10 0 0 11 -9
11 0 0 10 0 0 12 0
11 0 0 10 0 0 12 -9
11 0 1 10 0 1 6 0
11 0 1 10 0 1 6 -9
11 0 1 10 0 1 7 0
11 0 1 10 0 1 7 -9
11 0 1 10 0 1 8 0
11 0 1 10 0 1 8 -9
11 0 1 10 0 1 9 0
11 0 1 10 0 1 9 -9
11 0 1 10 0 1 10 0
11 0 1 10 0 1 10 -9
11 0 1 10 0 1 11 0
11 0 1 10 0 1 11 -9
11 0 1 10 0 1 12 0
11 0 1 10 0 1 12 -9
11 0 0 11 0 0 6 0
11 0 0 11 0 0 6 -9
11 0 0 11 0 0 7 0
11 0 0 11 0 0 7 -9
11 0 0 11 0 0 8 0
11 0 0 11 0 0 8 -9
11 0 0 11 0 0 9 0
11 0 0 11 0 0 9 -9
11 0 0 11 0 0 10 0
11 0 0 11 0 0 10 -9
11 0 0 11 0 0 11 0
11 0 0 11 0 0 11 -9
11 0 0 11 0 0 12 0
11 0 0 11 0 0 12 -9
11 0 1 11 0 1 6 0
11 0 1 11 0 1 6 -9
11 0 1 11 0 1 7 0
11 0 1 11 0 1 7 -9
11 0 1 11 0 1 8 0
11 0 1 11 0 1 8 -9
11 0 1 11 0 1 9 0
11 0 1 11 0 1 9 -9
11 0 1 11 0 1 10 0
11 0 1 11 0 1 10 -9
11 0 1 11 0 1 11 0
11 0 1 11 0 1 11 -9
11 0 1 11 0 1 12 0
11 0 1 11 0 1 12 -9
12 0 0 6 0 0 6 0
12 0 0 6 0 0 6 -10
12 0 0 6 0 0 7 0
12 0 0 6 0 0 7 -10
12 0 0 6 0 0 8 0
12 0 0 6 0 0 8 -10
12 0 0 6 0 0 9 0
12 0 0 6 0 0 9 -10
12 0 0 6 0 0 10 0
12 0 0 6 0 0 10 -10
12 0 0 6 0 0 11 0
12 0 0 6 0 0 11 -10
12 0 0 6 0 0 12 0
12 0 0 6 0 0 12 -10
12 0 0 6 0 0 13 0
12 0 0 6 0 0 13 -10
12 0 1 6 0 1 6 0
12 0 1 6 0 1 6 -10
12 0 1 6 0 1 7 0
12 0 1 6 0 1 7 -10
12 0 1 6 0 1 8 0
12 0 1 6 0 1 8 -10
12 0 1 6 0 1 9 0
12 0 1 6 0 1 9 -10
12 0 1 6 0 1 10 0
12 0 1 6 0 1 10 -10
12 0 1 6 0 1 11 0
12 0 1 6 0 1 11 -10
12 0 1 6 0 1 12 0
12 0 1 6 0 1 12 -10
12 0 1 6 0 1 13 0
12 0 1 6 0 1 13 -10
12 0 0 7 0 0 6 0
12 0 0 7 0 0 6 -10
12 0 0 7 0 0 7 0
12 0 0 7 0 0 7 -10
12 0 0 7 0 0 8 0
12 0 0 7 0 0 8 -10
12 0 0 7 0 0 9 0
12 0 0 7 0 0 9 -10
12 0 0 7 0 0 10 0
12 0 0 7 0 0 10 -10
12 0 0 7 0 0 11 0
12 0 0 7 0 0 11 -10
12 0 0 7 0 0 12 0
12 0 0 7 0 0 12 -10
12 0 0 7 0 0 13 0
12 0 0 7 0 0 13 -10
12 0 1 7 0 1 6 0
12 0 1 7 0 1 6 -10
12 0 1 7 0 1 7 0
12 0 1 7 0 1 7 -10
12 0 1 7 0 1 8 0
12 0 1 7 0 1 8 -10
12 0 1 7 0 1 9 0
12 0 1 7 0 1 9 -10
12 0 1 7 0 1 10 0
12 0 1 7 0 1 10 -10
12 0 1 7 0 1 11 0
12 0 1 7 0 1 11 -10
12 0 1 7 0 1 12 0
12 0 1 7 0 1 12 -10
12 0 1 7 0 1 13 0
12 0 1 7 0 1 13 -10
12 0 0 8 0 0 6 0
12 0 0 8 0 0 6 -10
12 0 0 8 0 0 7 0
12 0 0 8 0 0 7 -10
12 0 0 8 0 0 8 0
12 0 0 8 0 0 8 -10
12 0 0 8 0 0 9 0
12 0 0 8 0 0 9 -10
12 0 0 8 0 0 10 0
12 0 0 8 0 0 10 -10
12 0 0 8 0 0 11 0
12 0 0 8 0 0 11 -10
12 0 0 8 0 0 12 0
12 0 0 8 0 0 12 -10
12 0 0 8 0 0 13 0
12 0 0 8 0 0 13 -10
12 0 1 8 0 1 6 0
12 0 1 8 0 1 6 -10
12 0 1 8 0 1 7 0
12 0 1 8 0 1 7 -10
12 0 1 8 0 1 8 0
12 0 1 8 0 1 8 -10
12 0 1 8 0 1 9 0
12 0 1 8 0 1 9 -10
12 0 1 8 0 1 10 0
12 0 1 8 0 1 10 -10
12 0 1 8 0 1 11 0
12 0 1 8 0 1 11 -10
12 0 1 8 0 1 12 0
12 0 1 8 0 1 12 -10
12 0 1 8 0 1 13 0
12 0 1 8 0 1 13 -10
12 0 0 9 0 0 6 0
12 0 0 9 0 0 6 -10
12 0 0 9 0 0 7 0
12 0 0 9 0 0 7 -10
12 0 0 9 0 0 8 0
12 0 0 9 0 0 8 -10
12 0 0 9 0 0 9 0
12 0 0 9 0 0 9 -10
12 0 0 9 0 0 10 0
12 0 0 9 0 0 10 -10
12 0 0 9 0 0 11 0
12 0 0 9 0 0 11 -10
12 0 0 9 0 0 12 0
12 0 0 9 0 0 12 -10
12 0 0 9 0 0 13 0
12 0 0 9 0 0 13 -10
12 0 1 9 0 1 6 0
12 0 1 9 0 1 6 -10
12 0 1 9 0 1 7 0
12 0 1 9 0 1 7 -10
12 0 1 9 0 1 8 0
12 0 1 9 0 1 8 -10
12 0 1 9 0 1 9 0
12 0 1 9 0 1 9 -10
12 0 1 9 0 1 10 0
12 0 1 9 0 1 10 -10
12 0 1 9 0 1 11 0
12 0 1 9 0 1 11 -10
12 0 1 9 0 1 12 0
12 0 1 9 0 1 12 -10
12 0 1 9 0 1 13 0
12 0 1 9 0 1 13 -10
12 0 0 10 0 0 6 0
12 0 0 10 0 0 6 -10
12 0 0 10 0 0 7 0
12 0 0 10 0 0 7 -10
12 0 0 10 0 0 8 0
12 0 0 10 0 0 8 -10
12 0 0 10 0 0 9 0
12 0 0 10 0 0 9 -10
12 0 0 10 0 0 10 0
12 0 0 10 0 0 10 -10
12 0 0 10 0 0 11 0
12 0 0 10 0 0 11 -10
12 0 0 10 0 0 12 0
12 0 0 10 0 0 12 -10
12 0 0 10 0 0 13 0
12 0 0 10 0 0 13 -10
12 0 1 10 0 1 6 0
12 0 1 10 0 1 6 -10
12 0 1 10 0 1 7 0
12 0 1 10 0 1 7 -10
12 0 1 10 0 1 8 0
12 0 1 10 0 1 8 -10
12 0 1 10 0 1 9 0
12 0 1 10 0 1 9 -10
12 0 1 10 0 1 10 0
12 0 1 10 0 1 10 -10
12 0 1 10 0 1 11 0
12 0 1 10 0 1 11 -10
12 0 1 10 0 1 12 0
12 0 1 10 0 1 12 -10
12 0 1 10 0 1 13 0
12 0 1 10 0 1 13 -10
12 0 0 11 0 0 6 0
12 0 0 11 0 0 6 -10
12 0 0 11 0 0 7 0
12 0 0 11 0 0 7 -10
12 0 0 11 0 0 8 0
12 0 0 11 0 0 8 -10
12 0 0 11 0 0 9 0
12 0 0 11 0 0 9 -10
12 0 0 11 0 0 10 0
12 0 0 11 0 0 10 -10
12 0 0 11 0 0 11 0
12 0 0 11 0 0 11 -10
12 0 0 11 0 0 12 0
12 0 0 11 0 0 12 -10
12 0 0 11 0 0 13 0
12 0 0 11 0 0 13 -10
12 0 1 11 0 1 6 0
12 0 1 11 0 1 6 -10
12 0 1 11 0 1 7 0
12 0 1 11 0 1 7 -10
12 0 1 11 0 1 8 0
12 0 1 11 0 1 8 -10
12 0 1 11 0 1 9 0
12 0 1 11 0 1 9 -10
12 0 1 11 0 1 10 0
12 0 1 11 0 1 10 -10
12 0 1 11 0 1 11 0
12 0 1 11 0 1 11 -10
12 0 1 11 0 1 12 0
12 0 1 11 0 1 12 -10
12 0 1 11 0 1 13 0
12 0 1 11 0 1 13 -10
12 0 0 12 0 0 6 0
12 0 0 12 0 0 6 -10
12 0 0 12 0 0 7 0
12 0 0 12 0 0 7 -10
12 0 0 12 0 0 8 0
12 0 0 12 0 0 8 -10
12 0 0 12 0 0 9 0
12 0 0 12 0 0 9 -10
12 0 0 12 0 0 10 0
12 0 0 12 0 0 10 -10
12 0 0 12 0 0 11 0
12 0 0 12 0 0 11 -10
12 0 0 12 0 0 12 0
12 0 0 12 0 0 12 -10
12 0 0 12 0 0 13 0
12 0 0 12 0 0 13 -10
12 0 1 12 0 1 6 0
12 0 1 12 0 1 6 -10
12 0 1 12 0 1 7 0
12 0 1 12 0 1 7 -10
12 0 1 12 0 1 8 0
12 0 1 12 0 1 8 -10
12 0 1 12 0 1 9 0
12 0 1 12 0 1 9 -10
12 0 1 12 0 1 10 0
12 0 1 12 0 1 10 -10
12 0 1 12 0 1 11 0
12 0 1 12 0 1 11 -10
12 0 1 12 0 1 12 0
12 0 1 12 0 1 12 -10
12 0 1 12 0 1 13 0
12 0 1 12 0 1 13 -10
13 0 0 6 0 0 6 0
13 0 0 6 0 0 6 -11
13 0 0 6 0 0 7 0
13 0 0 6 0 0 7 -11
13 0 0 6 0 0 8 0
13 0 0 6 0 0 8 -11
13 0 0 6 0 0 9 0
13 0 0 6 0 0 9 -11
13 0 0 6 0 0 10 0
13 0 0 6 0 0 10 -11
13 0 0 6 0 0 11 0
13 0 0 6 0 0 11 -11
13 0 0 6 0 0 12 0
13 0 0 6 0 0 12 -11
13 0 0 6 0 0 13 0
13 0 0 6 0 0 13 -11
13 0 0 6 0 0 14 0
13 0 0 6 0 0 14 -11
13 0 1 6 0 1 6 0
13 0 1 6 0 1 6 -11
13 0 1 6 0 1 7 0
13 0 1 6 0 1 7 -11
13 0 1 6 0 1 8 0
13 0 1 6 0 1 8 -11
13 0 1 6 0 1 9 0
13 0 1 6 0 1 9 -11
13 0 1 6 0 1 10 0
13 0 1 6 0 1 10 -11
13 0 1 6 0 1 11 0
13 0 1 6 0 1 11 -11
13 0 1 6 0 1 12 0
13 0 1 6 0 1 12 -11
13 0 1 6 0 1 13 0
13 0 1 6 0 1 13 -11
13 0 1 6 0 1 14 0
13 0 1 6 0 1 14 -11
13 0 0 7 0 0 6 0
13 0 0 7 0 0 6 -11
13 0 0 7 0 0 7 0
13 0 0 7 0 0 7 -11
13 0 0 7 0 0 8 0
13 0 0 7 0 0 8 -11
13 0 0 7 0 0 9 0
13 0 0 7 0 0 9 -11
13 0 0 7 0 0 10 0
13 0 0 7 0 0 10 -11
13 0 0 7 0 0 11 0
13 0 0 7 0 0 11 -11
13 0 0 7 0 0 12 0
13 0 0 7 0 0 12 -11
13 0 0 7 0 0 13 0
13 0 0 7 0 0 13 -11
13 0 0 7 0 0 14 0
13 0 0 7 0 0 14 -11
13 0 1 7 0 1 6 0
13 0 1 7 0 1 6 -11
13 0 1 7 0 1 7 0
13 0 1 7 0 1 7 -11
13 0 1 7 0 1 8 0
13 0 1 7 0 1 8 -11
13 0 1 7 0 1 9 0
13 0 1 7 0 1 9 -11
13 0 1 7 0 1 10 0
13 0 1 7 0 1 10 -11
13 0 1 7 0 1 11 0
13 0 1 7 0 1 11 -11
13 0 1 7 0 1 12 0
13 0 1 7 0 1 12 -11
13 0 1 7 0 1 13 0
13 0 1 7 0 1 13 -11
13 0 1 7 0 1 14 0
13 0 1 7 0 1 14 -11
13 0 0 8 0 0 6 0
13 0 0 8 0 0 6 -11
13 0 0 8 0 0 7 0
13 0 0 8 0 0 7 -11
13 0 0 8 0 0 8 0
13 0 0 8 0 0 8 -11
13 0 0 8 0 0 9 0
13 0 0 8 0 0 9 -11
13 0 0 8 0 0 10 0
13 0 0 8 0 0 10 -11
13 0 0 8 0 0 11 0
13 0 0 8 0 0 11 -11
13 0 0 8 0 0 12 0
13 0 0 8 0 0 12 -11
13 0 0 8 0 0 13 0
13 0 0 8 0 0 13 -11
13 0 0 8 0 0 14 0
13 0 0 8 0 0 14 -11
13 0 1 8 0 1 6 0
13 0 1 8 0 1 6 -11
13 0 1 8 0 1 7 0
13 0 1 8 0 1 7 -11
13 0 1 8 0 1 8 0
13 0 1 8 0 1 8 -11
13 0 1 8 0 1 9 0
13 0 1 8 0 1 9 -11
13 0 1 8 0 1 10 0
13 0 1 8 0 1 10 -11
13 0 1 8 0 1 11 0
13 0 1 8 0 1 11 -11
13 0 1 8 0 1 12 0
13 0 1 8 0 1 12 -11
13 0 1 8 0 1 13 0
13 0 1 8 0 1 13 -11
13 0 1 8 0 1 14 0
13 0 1 8 0 1 14 -11
13 0 0 9 0 0 6 0
13 0 0 9 0 0 6 -11
13 0 0 9 0 0 7 0
13 0 0 9 0 0 7 -11
13 0 0 9 0 0 8 0
13 0 0 9 0 0 8 -11
13 0 0 9 0 0 9 0
13 0 0 9 0 0 9 -11
13 0 0 9 0 0 10 0
13 0 0 9 0 0 10 -11
13 0 0 9 0 0 11 0
13 0 0 9 0 0 11 -11
13 0 0 9 0 0 12 0
13 0 0 9 0 0 12 -11
13 0 0 9 0 0 13 0
13 0 0 9 0 0 13 -11
13 0 0 9 0 0 14 0
13 0 0 9 0 0 14 -11
13 0 1 9 0 1 6 0
13 0 1 9 0 1 6 -11
13 0 1 9 0 1 7 0
13 0 1 9 0 1 7 -11
13 0 1 9 0 1 8 0
13 0 1 9 0 1 8 -11
13 0 1 9 0 1 9 0
13 0 1 9 0 1 9 -11
13 0 1 9 0 1 10 0
13 0 1 9 0 1 10 -11
13 0 1 9 0 1 11 0
13 0 1 9 0 1 11 -11
13 0 1 9 0 1 12 0
13 0 1 9 0 1 12 -11
13 0 1 9 0 1 13 0
13 0 1 9 0 1 13 -11
13 0 1 9 0 1 14 0
13 0 1 9 0 1 14 -11
13 0 0 10 0 0 6 0
13 0 0 10 0 0 6 -11
13 0 0 10 0 0 7 0
13 0 0 10 0 0 7 -11
13 0 0 10 0 0 8 0
13 0 0 10 0 0 8 -11
13 0 0 10 0 0 9 0
13 0 0 10 0 0 9 -11
13 0 0 10 0 0 10 0
13 0 0 10 0 0 10 -11
13 0 0 10 0 0 11 0
13 0 0 10 0 0 11 -11
13 0 0 10 0 0 12 0
13 0 0 10 0 0 12 -11
13 0 0 10 0 0 13 0
13 0 0 10 0 0 13 -11
13 0 0 10 0 0 14 0
13 0 0 10 0 0 14 -11
13 0 1 10 0 1 6 0
13 0 1 10 0 1 6 -11
13 0 1 10 0 1 7 0
13 0 1 10 0 1 7 -11
13 0 1 10 0 1 8 0
13 0 1 10 0 1 8 -11
13 0 1 10 0 1 9 0
13 0 1 10 0 1 9 -11
13 0 1 10 0 1 10 0
13 0 1 10 0 1 10 -11
13 0 1 10 0 1 11 0
13 0 1 10 0 1 11 -11
13 0 1 10 0 1 12 0
13 0 1 10 0 1 12 -11
13 0 1 10 0 1 13 0
13 0 1 10 0 1 13 -11
13 0 1 10 0 1 14 0
13 0 1 10 0 1 14 -11
13 0 0 11 0 0 6 0
13 0 0 11 0 0 6 -11
13 0 0 11 0 0 7 0
13 0 0 11 0 0 7 -11
13 0 0 11 0 0 8 0
13 0 0 11 0 0 8 -11
13 0 0 11 0 0 9 0
13 0 0 11 0 0 9 -11
13 0 0 11 0 0 10 0
13 0 0 11 0 0 10 -11
13 0 0 11 0 0 11 0
13 0 0 11 0 0 11 -11
13 0 0 11 0 0 12 0
13 0 0 11 0 0 12 -11
13 0 0 11 0 0 13 0
13 0 0 11 0 0 13 -11
13 0 0 11 0 0 14 0
13 0 0 11 0 0 14 -11
13 0 1 11 0 1 6 0
13 0 1 11 0 1 6 -11
13 0 1 11 0 1 7 0
13 0 1 11 0 1 7 -11
13 0 1 11 0 1 8 0
13 0 1 11 0 1 8 -11
13 0 1 11 0 1 9 0
13 0 1 11 0 1 9 -11
13 0 1 11 0 1 10 0
13 0 1 11 0 1 10 -11
13 0 1 11 0 1 11 0
13 0 1 11 0 1 11 -11
13 0 1 11 0 1 12 0
13 0 1 11 0 1 12 -11
13 0 1 11 0 1 13 0
13 0 1 11 0 1 13 -11
13 0 1 11 0 1 14 0
13 0 1 11 0 1 14 -11
13 0 0 12 0 0 6 0
13 0 0 12 0 0 6 -11
13 0 0 12 0 0 7 0
13 0 0 12 0 0 7 -11
13 0 0 12 0 0 8 0
13 0 0 12 0 0 8 -11
13 0 0 12 0 0 9 0
13 0 0 12 0 0 9 -11
13 0 0 12 0 0 10 0
13 0 0 12 0 0 10 -11
13 0 0 12 0 0 11 0
13 0 0 12 0 0 11 -11
13 0 0 12 0 0 12 0
13 0 0 12 0 0 12 -11
13 0 0 12 0 0 13 0
13 0 0 12 0 0 13 -11
13 0 0 12 0 0 14 0
13 0 0 12 0 0 14 -11
13 0 1 12 0 1 6 0
13 0 1 12 0 1 6 -11
13 0 1 12 0 1 7 0
13 0 1 12 0 1 7 -11
13 0 1 12 0 1 8 0
13 0 1 12 0 1 8 -11
13 0 1 12 0 1 9 0
13 0 1 12 0 1 9 -11
13 0 1 12 0 1 10 0
13 0 1 12 0 1 10 -11
13 0 1 12 0 1 11 0
13 0 1 12 0 1 11 -11
13 0 1 12 0 1 12 0
13 0 1 12 0 1 12 -11
13 0 1 12 0 1 13 0
13 0 1 12 0 1 13 -11
13 0 1 12 0 1 14 0
13 0 1 12 0 1 14 -11
13 0 0 13 0 0 6 0
13 0 0 13 0 0 6 -11
13 0 0 13 0 0 7 0
13 0 0 13 0 0 7 -11
13 0 0 13 0 0 8 0
13 0 0 13 0 0 8 -11
13 0 0 13 0 0 9 0
13 0 0 13 0 0 9 -11
13 0 0 13 0 0 10 0
13 0 0 13 0 0 10 -11
13 0 0 13 0 0 11 0
13 0 0 13 0 0 11 -11
13 0 0 13 0 0 12 0
13 0 0 13 0 0 12 -11
13 0 0 13 0 0 13 0
13 0 0 13 0 0 13 -11
13 0 0 13 0 0 14 0
13 0 0 13 0 0 14 -11
13 0 1 13 0 1 6 0
13 0 1 13 0 1 6 -11
13 0 1 13 0 1 7 0
13 0 1 13 0 1 7 -11
13 0 1 13 0 1 8 0
13 0 1 13 0 1 8 -11
13 0 1 13 0 1 9 0
13 0 1 13 0 1 9 -11
13 0 1 13 0 1 10 0
13 0 1 13 0 1 10 -11
13 0 1 13 0 1 11 0
13 0 1 13 0 1 11 -11
13 0 1 13 0 1 12 0
13 0 1 13 0 1 12 -11
13 0 1 13 0 1 13 0
13 0 1 13 0 1 13 -11
13 0 1 13 0 1 14 0
13 0 1 13 0 1 14 -11
14 0 0 6 0 0 6 0
14 0 0 6 0 0 6 -12
14 0 0 6 0 0 7 0
14 0 0 6 0 0 7 -12
14 0 0 6 0 0 8 0
14 0 0 6 0 0 8 -12
14 0 0 6 0 0 9 0
14 0 0 6 0 0 9 -12
14 0 0 6 0 0 10 0
14 0 0 6 0 0 10 -12
14 0 0 6 0 0 11 0
14 0 0 6 0 0 11 -12
14 0 0 6 0 0 12 0
14 0 0 6 0 0 12 -12
14 0 0 6 0 0 13 0
14 0 0 6 0 0 13 -12
14 0 0 6 0 0 14 0
14 0 0 6 0 0 14 -12
14 0 0 6 0 0 15 0
14 0 0 6 0 0 15 -12
14 0 1 6 0 1 6 0
14 0 1 6 0 1 6 -12
14 0 1 6 0 1 7 0
14 0 1 6 0 1 7 -12
14 0 1 6 0 1 8 0
14 0 1 6 0 1 8 -12
14 0 1 6 0 1 9 0
14 0 1 6 0 1 9 -12
14 0 1 6 0 1 10 0
14 0 1 6 0 1 10 -12
14 0 1 6 0 1 11 0
14 0 1 6 0 1 11 -12
14 0 1 6 0 1 12 0
14 0 1 6 0 1 12 -12
14 0 1 6 0 1 13 0
14 0 1 6 0 1 13 -12
14 0 1 6 0 1 14 0
14 0 1 6 0 1 14 -12
14 0 1 6 0 1 15 0
14 0 1 6 0 1 15 -12
14 0 0 7 0 0 6 0
14 0 0 7 0 0 6 -12
14 0 0 7 0 0 7 0
14 0 0 7 0 0 7 -12
14 0 0 7 0 0 8 0
14 0 0 7 0 0 8 -12
14 0 0 7 0 0 9 0
14 0 0 7 0 0 9 -12
14 0 0 7 0 0 10 0
14 0 0 7 0 0 10 -12
14 0 0 7 0 0 11 0
14 0 0 7 0 0 11 -12
14 0 0 7 0 0 12 0
14 0 0 7 0 0 12 -12
14 0 0 7 0 0 13 0
14 0 0 7 0 0 13 -12
14 0 0 7 0 0 14 0
14 0 0 7 0 0 14 -12
14 0 0 7 0 0 15 0
14 0 0 7 0 0 15 -12
14 0 1 7 0 1 6 0
14 0 1 7 0 1 6 -12
14 0 1 7 0 1 7 0
14 0 1 7 0 1 7 -12
14 0 1 7 0 1 8 0
14 0 1 7 0 1 8 -12
14 0 1 7 0 1 9 0
14 0 1 7 0 1 9 -12
14 0 1 7 0 1 10 0
14 0 1 7 0 1 10 -12
14 0 1 7 0 1 11 0
14 0 1 7 0 1 11 -12
14 0 1 7 0 1 12 0
14 0 1 7 0 1 12 -12
14 0 1 7 0 1 13 0
14 0 1 7 0 1 13 -12
14 0 1 7 0 1 14 0
14 0 1 7 0 1 14 -12
14 0 1 7 0 1 15 0
14 0 1 7 0 1 15 -12
14 0 0 8 0 0 6 0
14 0 0 8 0 0 6 -12
14 0 0 8 0 0 7 0
14 0 0 8 0 0 7 -12
14 0 0 8 0 0 8 0
14 0 0 8 0 0 8 -12
14 0 0 8 0 0 9 0
14 0 0 8 0 0 9 -12
14 0 0 8 0 0 10 0
14 0 0 8 0 0 10 -12
14 0 0 8 0 0 11 0
14 0 0 8 0 0 11 -12
14 0 0 8 0 0 12 0
14 0 0 8 0 0 12 -12
14 0 0 8 0 0 13 0
14 0 0 8 0 0 13 -12
14 0 0 8 0 0 14 0
14 0 0 8 0 0 14 -12
14 0 0 8 0 0 15 0
14 0 0 8 0 0 15 -12
14 0 1 8 0 1 6 0
14 0 1 8 0 1 6 -12
14 0 1 8 0 1 7 0
14 0 1 8 0 1 7 -12
14 0 1 8 0 1 8 0
14 0 1 8 0 1 8 -12
14 0 1 8 0 1 9 0
14 0 1 8 0 1 9 -12
14 0 1 8 0 1 10 0
14 0 1 8 0 1 10 -12
14 0 1 8 0 1 11 0
14 0 1 8 0 1 11 -12
14 0 1 8 0 1 12 0
14 0 1 8 0 1 12 -12
14 0 1 8 0 1 13 0
14 0 1 8 0 1 13 -12
14 0 1 8 0 1 14 0
14 0 1 8 0 1 14 -12
14 0 1 8 0 1 15 0
14 0 1 8 0 1 15 -12
14 0 0 9 0 0 6 0
14 0 0 9 0 0 6 -12
14 0 0 9 0 0 7 0
14 0 0 9 0 0 7 -12
14 0 0 9 0 0 8 0
14 0 0 9 0 0 8 -12
14 0 0 9 0 0 9 0
14 0 0 9 0 0 9 -12
14 0 0 9 0 0 10 0
14 0 0 9 0 0 10 -12
14 0 0 9 0 0 11 0
14 0 0 9 0 0 11 -12
14 0 0 9 0 0 12 0
14 0 0 9 0 0 12 -12
14 0 0 9 0 0 13 0
14 0 0 9 0 0 13 -12
14 0 0 9 0 0 14 0
14 0 0 9 0 0 14 -12
14 0 0 9 0 0 15 0
14 0 0 9 0 0 15 -12
14 0 1 9 0 1 6 0
14 0 1 9 0 1 6 -12
14 0 1 9 0 1 7 0
14 0 1 9 0 1 7 -12
14 0 1 9 0 1 8 0
14 0 1 9 0 1 8 -12
14 0 1 9 0 1 9 0
14 0 1 9 0 1 9 -12
14 0 1 9 0 1 10 0
14 0 1 9 0 1 10 -12
14 0 1 9 0 1 11 0
14 0 1 9 0 1 11 -12
14 0 1 9 0 1 12 0
14 0 1 9 0 1 12 -12
14 0 1 9 0 1 13 0
14 0 1 9 0 1 13 -12
14 0 1 9 0 1 14 0
14 0 1 9 0 1 14 -12
14 0 1 9 0 1 15 0
14 0 1 9 0 1 15 -12
14 0 0 10 0 0 6 0
14 0 0 10 0 0 6 -12
14 0 0 10 0 0 7 0
14 0 0 10 0 0 7 -12
14 0 0 10 0 0 8 0
14 0 0 10 0 0 8 -12
14 0 0 10 0 0 9 0
14 0 0 10 0 0 9 -12
14 0 0 10 0 0 10 0
14 0 0 10 0 0 10 -12
14 0 0 10 0 0 11 0
14 0 0 10 0 0 11 -12
14 0 0 10 0 0 12 0
14 0 0 10 0 0 12 -12
14 0 0 10 0 0 13 0
14 0 0 10 0 0 13 -12
14 0 0 10 0 0 14 0
14 0 0 10 0 0 14 -12
14 0 0 10 0 0 15 0
14 0 0 10 0 0 15 -12
14 0 1 10 0 1 6 0
14 0 1 10 0 1 6 -12
14 0 1 10 0 1 7 0
14 0 1 10 0 1 7 -12
14 0 1 10 0 1 8 0
14 0 1 10 0 1 8 -12
14 0 1 10 0 1 9 0
14 0 1 10 0 1 9 -12
14 0 1 10 0 1 10 0
14 0 1 10 0 1 10 -12
14 0 1 10 0 1 11 0
14 0 1 10 0 1 11 -12
14 0 1 10 0 1 12 0
14 0 1 10 0 1 12 -12
14 0 1 10 0 1 13 0
14 0 1 10 0 1 13 -12
14 0 1 10 0 1 14 0
14 0 1 10 0 1 14 -12
14 0 1 10 0 1 15 0
14 0 1 10 0 1 15 -12
14 0 0 11 0 0 6 0
14 0 0 11 0 0 6 -12
14 0 0 11 0 0 7 0
14 0 0 11 0 0 7 -12
14 0 0 11 0 0 8 0
14 0 0 11 0 0 8 -12
14 0 0 11 0 0 9 0
14 0 0 11 0 0 9 -12
14 0 0 11 0 0 10 0
14 0 0 11 0 0 10 -12
14 0 0 11 0 0 11 0
14 0 0 11 0 0 11 -12
14 0 0 11 0 0 12 0
14 0 0 11 0 0 12 -12
14 0 0 11 0 0 13 0
14 0 0 11 0 0 13 -12
14 0 0 11 0 0 14 0
14 0 0 11 0 0 14 -12
14 0 0 11 0 0 15 0
14 0 0 11 0 0 15 -12
14 0 1 11 0 1 6 0
14 0 1 11 0 1 6 -12
14 0 1 11 0 1 7 0
14 0 1 11 0 1 7 -12
14 0 1 11 0 1 8 0
14 0 1 11 0 1 8 -12
14 0 1 11 0 1 9 0
14 0 1 11 0 1 9 -12
14 0 1 11 0 1 10 0
14 0 1 11 0 1 10 -12
14 0 1 11 0 1 11 0
14 0 1 11 0 1 11 -12
14 0 1 11 0 1 12 0
14 0 1 11 0 1 12 -12
14 0 1 11 0 1 13 0
14 0 1 11 0 1 13 -12
14 0 1 11 0 1 14 0
14 0 1 11 0 1 14 -12
14 0 1 11 0 1 15 0
14 0 1 11 0 1 15 -12
14 0 0 12 0 0 6 0
14 0 0 12 0 0 6 -12
14 0 0 12 0 0 7 0
14 0 0 12 0 0 7 -12
14 0 0 12 0 0 8 0
14 0 0 12 0 0 8 -12
14 0 0 12 0 0 9 0
14 0 0 12 0 0 9 -12
14 0 0 12 0 0 10 0
14 0 0 12 0 0 10 -12
14 0 0 12 0 0 11 0
14 0 0 12 0 0 11 -12
14 0 0 12 0 0 12 0
14 0 0 12 0 0 12 -12
14 0 0 12 0 0 13 0
14 0 0 12 0 0 13 -12
14 0 0 12 0 0 14 0
14 0 0 12 0 0 14 -12
14 0 0 12 0 0 15 0
14 0 0 12 0 0 15 -12
14 0 1 12 0 1 6 0
14 0 1 12 0 1 6 -12
14 0 1 12 0 1 7 0
14 0 1 12 0 1 7 -12
14 0 1 12 0 1 8 0
14 0 1 12 0 1 8 -12
14 0 1 12 0 1 9 0
14 0 1 12 0 1 9 -12
14 0 1 12 0 1 10 0
14 0 1 12 0 1 10 -12
14 0 1 12 0 1 11 0
14 0 1 12 0 1 11 -12
14 0 1 12 0 1 12 0
14 0 1 12 0 1 12 -12
14 0 1 12 0 1 13 0
14 0 1 12 0 1 13 -12
14 0 1 12 0 1 14 0
14 0 1 12 0 1 14 -12
14 0 1 12 0 1 15 0
14 0 1 12 0 1 15 -12
14 0 0 13 0 0 6 0
14 0 0 13 0 0 6 -12
14 0 0 13 0 0 7 0
14 0 0 13 0 0 7 -12
14 0 0 13 0 0 8 0
14 0 0 13 0 0 8 -12
14 0 0 13 0 0 9 0
14 0 0 13 0 0 9 -12
14 0 0 13 0 0 10 0
14 0 0 13 0 0 10 -12
14 0 0 13 0 0 11 0
14 0 0 13 0 0 11 -12
14 0 0 13 0 0 12 0
14 0 0 13 0 0 12 -12
14 0 0 13 0 0 13 0
14 0 0 13 0 0 13 -12
14 0 0 13 0 0 14 0
14 0 0 13 0 0 14 -12
14 0 0 13 0 0 15 0
14 0 0 13 0 0 15 -12
14 0 1 13 0 1 6 0
14 0 1 13 0 1 6 -12
14 0 1 13 0 1 7 0
14 0 1 13 0 1 7 -12
14 0 1 13 0 1 8 0
14 0 1 13 0 1 8 -12
14 0 1 13 0 1 9 0
14 0 1 13 0 1 9 -12
14 0 1 13 0 1 10 0
14 0 1 13 0 1 10 -12
14 0 1 13 0 1 11 0
14 0 1 13 0 1 11 -12
14 0 1 13 0 1 12 0
14 0 1 13 0 1 12 -12
14 0 1 13 0 1 13 0
14 0 1 13 0 1 13 -12
14 0 1 13 0 1 14 0
14 0 1 13 0 1 14 -12
14 0 1 13 0 1 15 0
14 0 1 13 0 1 15 -12
14 0 0 14 0 0 6 0
14 0 0 14 0 0 6 -12
14 0 0 14 0 0 7 0
14 0 0 14 0 0 7 -12
14 0 0 14 0 0 8 0
14 0 0 14 0 0 8 -12
14 0 0 14 0 0 9 0
14 0 0 14 0 0 9 -12
14 0 0 14 0 0 10 0
14 0 0 14 0 0 10 -12
14 0 0 14 0 0 11 0
14 0 0 14 0 0 11 -12
14 0 0 14 0 0 12 0
14 0 0 14 0 0 12 -12
14 0 0 14 0 0 13 0
14 0 0 14 0 0 13 -12
14 0 0 14 0 0 14 0
14 0 0 14 0 0 14 -12
14 0 0 14 0 0 15 0
14 0 0 14 0 0 15 -12
14 0 1 14 0 1 6 0
14 0 1 14 0 1 6 -12
14 0 1 14 0 1 7 0
14 0 1 14 0 1 7 -12
14 0 1 14 0 1 8 0
14 0 1 14 0 1 8 -12
14 0 1 14 0 1 9 0
14 0 1 14 0 1 9 -12
14 0 1 14 0 1 10 0
14 0 1 14 0 1 10 -12
14 0 1 14 0 1 11 0
14 0 1 14 0 1 11 -12
14 0 1 14 0 1 12 0
14 0 1 14 0 1 12 -12
14 0 1 14 0 1 13 0
14 0 1 14 0 1 13 -12
14 0 1 14 0 1 14 0
14 0 1 14 0 1 14 -12
14 0 1 14 0 1 15 0
14 0 1 14 0 1 15 -12
15 0 0 6 0 0 6 0
15 0 0 6 0 0 6 -13
15 0 0 6 0 0 7 0
15 0 0 6 0 0 7 -13
15 0 0 6 0 0 8 0
15 0 0 6 0 0 8 -13
15 0 0 6 0 0 9 0
15 0 0 6 0 0 9 -13
15 0 0 6 0 0 10 0
15 0 0 6 0 0 10 -13
15 0 0 6 0 0 11 0
15 0 0 6 0 0 11 -13
15 0 0 6 0 0 12 0
15 0 0 6 0 0 12 -13
15 0 0 6 0 0 13 0
15 0 0 6 0 0 13 -13
15 0 0 6 0 0 14 0
15 0 0 6 0 0 14 -13
15 0 0 6 0 0 15 0
15 0 0 6 0 0 15 -13
15 0 0 6 0 0 16 0
15 0 0 6 0 0 16 -13
15 0 1 6 0 1 6 0
15 0 1 6 0 1 6 -13
15 0 1 6 0 1 7 0
15 0 1 6 0 1 7 -13
15 0 1 6 0 1 8 0
15 0 1 6 0 1 8 -13
15 0 1 6 0 1 9 0
15 0 1 6 0 1 9 -13
15 0 1 6 0 1 10 0
15 0 1 6 0 1 10 -13
15 0 1 6 0 1 11 0
15 0 1 6 0 1 11 -13
15 0 1 6 0 1 12 0
15 0 1 6 0 1 12 -13
15 0 1 6 0 1 13 0
15 0 1 6 0 1 13 -13
15 0 1 6 0 1 14 0
15 0 1 6 0 1 14 -13
15 0 1 6 0 1 15 0
15 0 1 6 0 1 15 -13
15 0 1 6 0 1 16 0
15 0 1 6 0 1 16 -13
15 0 0 7 0 0 6 0
15 0 0 7 0 0 6 -13
15 0 0 7 0 0 7 0
15 0 0 7 0 0 7 -13
15 0 0 7 0 0 8 0
15 0 0 7 0 0 8 -13
15 0 0 7 0 0 9 0
15 0 0 7 0 0 9 -13
15 0 0 7 0 0 10 0
15 0 0 7 0 0 10 -13
15 0 0 7 0 0 11 0
15 0 0 7 0 0 11 -13
15 0 0 7 0 0 12 0
15 0 0 7 0 0 12 -13
15 0 0 7 0 0 13 0
15 0 0 7 0 0 13 -13
15 0 0 7 0 0 14 0
15 0 0 7 0 0 14 -13
15 0 0 7 0 0 15 0
15 0 0 7 0 0 15 -13
15 0 0 7 0 0 16 0
15 0 0 7 0 0 16 -13
15 0 1 7 0 1 6 0
15 0 1 7 0 1 6 -13
15 0 1 7 0 1 7 0
15 0 1 7 0 1 7 -13
15 0 1 7 0 1 8 0
15 0 1 7 0 1 8 -13
15 0 1 7 0 1 9 0
15 0 1 7 0 1 9 -13
15 0 1 7 0 1 10 0
15 0 1 7 0 1 10 -13
15 0 1 7 0 1 11 0
15 0 1 7 0 1 11 -13
15 0 1 7 0 1 12 0
15 0 1 7 0 1 12 -13
15 0 1 7 0 1 13 0
15 0 1 7 0 1 13 -13
15 0 1 7 0 1 14 0
15 0 1 7 0 1 14 -13
15 0 1 7 0 1 15 0
15 0 1 7 0 1 15 -13
15 0 1 7 0 1 16 0
15 0 1 7 0 1 16 -13
15 0 0 8 0 0 6 0
15 0 0 8 0 0 6 -13
15 0 0 8 0 0 7 0
15 0 0 8 0 0 7 -13
15 0 0 8 0 0 8 0
15 0 0 8 0 0 8 -13
15 0 0 8 0 0 9 0
15 0 0 8 0 0 9 -13
15 0 0 8 0 0 10 0
15 0 0 8 0 0 10 -13
15 0 0 8 0 0 11 0
15 0 0 8 0 0 11 -13
15 0 0 8 0 0 12 0
15 0 0 8 0 0 12 -13
15 0 0 8 0 0 13 0
15 0 0 8 0 0 13 -13
15 0 0 8 0 0 14 0
15 0 0 8 0 0 14 -13
15 0 0 8 0 0 15 0
15 0 0 8 0 0 15 -13
15 0 0 8 0 0 16 0
15 0 0 8 0 0 16 -13
15 0 1 8 0 1 6 0
15 0 1 8 0 1 6 -13
15 0 1 8 0 1 7 0
15 0 1 8 0 1 7 -13
15 0 1 8 0 1 8 0
15 0 1 8 0 1 8 -13
15 0 1 8 0 1 9 0
15 0 1 8 0 1 9 -13
15 0 1 8 0 1 10 0
15 0 1 8 0 1 10 -13
15 0 1 8 0 1 11 0
15 0 1 8 0 1 11 -13
15 0 1 8 0 1 12 0
15 0 1 8 0 1 12 -13
15 0 1 8 0 1 13 0
15 0 1 8 0 1 13 -13
15 0 1 8 0 1 14 0
15 0 1 8 0 1 14 -13
15 0 1 8 0 1 15 0
15 0 1 8 0 1 15 -13
15 0 1 8 0 1 16 0
15 0 1 8 0 1 16 -13
15 0 0 9 0 0 6 0
15 0 0 9 0 0 6 -13
15 0 0 9 0 0 7 0
15 0 0 9 0 0 7 -13
15 0 0 9 0 0 8 0
15 0 0 9 0 0 8 -13
15 0 0 9 0 0 9 0
15 0 0 9 0 0 9 -13
15 0 0 9 0 0 10 0
15 0 0 9 0 0 10 -13
15 0 0 9 0 0 11 0
15 0 0 9 0 0 11 -13
15 0 0 9 0 0 12 0
15 0 0 9 0 0 12 -13
15 0 0 9 0 0 13 0
15 0 0 9 0 0 13 -13
15 0 0 9 0 0 14 0
15 0 0 9 0 0 14 -13
15 0 0 9 0 0 15 0
15 0 0 9 0 0 15 -13
15 0 0 9 0 0 16 0
15 0 0 9 0 0 16 -13
15 0 1 9 0 1 6 0
15 0 1 9 0 1 6 -13
15 0 1 9 0 1 7 0
15 0 1 9 0 1 7 -13
15 0 1 9 0 1 8 0
15 0 1 9 0 1 8 -13
15 0 1 9 0 1 9 0
15 0 1 9 0 1 9 -13
15 0 1 9 0 1 10 0
15 0 1 9 0 1 10 -13
15 0 1 9 0 1 11 0
15 0 1 9 0 1 11 -13
15 0 1 9 0 1 12 0
15 0 1 9 0 1 12 -13
15 0 1 9 0 1 13 0
15 0 1 9 0 1 13 -13
15 0 1 9 0 1 14 0
15 0 1 9 0 1 14 -13
15 0 1 9 0 1 15 0
15 0 1 9 0 1 15 -13
15 0 1 9 0 1 16 0
15 0 1 9 0 1 16 -13
15 0 0 10 0 0 6 0
15 0 0 10 0 0 6 -13
15 0 0 10 0 0 7 0
15 0 0 10 0 0 7 -13
15 0 0 10 0 0 8 0
15 0 0 10 0 0 8 -13
15 0 0 10 0 0 9 0
15 0 0 10 0 0 9 -13
15 0 0 10 0 0 10 0
15 0 0 10 0 0 10 -13
15 0 0 10 0 0 11 0
15 0 0 10 0 0 11 -13
15 0 0 10 0 0 12 0
15 0 0 10 0 0 12 -13
15 0 0 10 0 0 13 0
15 0 0 10 0 0 13 -13
15 0 0 10 0 0 14 0
15 0 0 10 0 0 14 -13
15 0 0 10 0 0 15 0
15 0 0 10 0 0 15 -13
15 0 0 10 0 0 16 0
15 0 0 10 0 0 16 -13
15 0 1 10 0 1 6 0
15 0 1 10 0 1 6 -13
15 0 1 10 0 1 7 0
15 0 1 10 0 1 7 -13
15 0 1 10 0 1 8 0
15 0 1 10 0 1 8 -13
15 0 1 10 0 1 9 0
15 0 1 10 0 1 9 -13
15 0 1 10 0 1 10 0
15 0 1 10 0 1 10 -13
15 0 1 10 0 1 11 0
15 0 1 10 0 1 11 -13
15 0 1 10 0 1 12 0
15 0 1 10 0 1 12 -13
15 0 1 10 0 1 13 0
15 0 1 10 0 1 13 -13
15 0 1 10 0 1 14 0
15 0 1 10 0 1 14 -13
15 0 1 10 0 1 15 0
15 0 1 10 0 1 15 -13
15 0 1 10 0 1 16 0
15 0 1 10 0 1 16 -13
15 0 0 11 0 0 6 0
15 0 0 11 0 0 6 -13
15 0 0 11 0 0 7 0
15 0 0 11 0 0 7 -13
15 0 0 11 0 0 8 0
15 0 0 11 0 0 8 -13
15 0 0 11 0 0 9 0
15 0 0 11 0 0 9 -13
15 0 0 11 0 0 10 0
15 0 0 11 0 0 10 -13
15 0 0 11 0 0 11 0
15 0 0 11 0 0 11 -13
15 0 0 11 0 0 12 0
15 0 0 11 0 0 12 -13
15 0 0 11 0 0 13 0
15 0 0 11 0 0 13 -13
15 0 0 11 0 0 14 0
15 0 0 11 0 0 14 -13
15 0 0 11 0 0 15 0
15 0 0 11 0 0 15 -13
15 0 0 11 0 0 16 0
15 0 0 11 0 0 16 -13
15 0 1 11 0 1 6 0
15 0 1 11 0 1 6 -13
15 0 1 11 0 1 7 0
15 0 1 11 0 1 7 -13
15 0 1 11 0 1 8 0
15 0 1 11 0 1 8 -13
15 0 1 11 0 1 9 0
15 0 1 11 0 1 9 -13
15 0 1 11 0 1 10 0
15 0 1 11 0 1 10 -13
15 0 1 11 0 1 11 0
15 0 1 11 0 1 11 -13
15 0 1 11 0 1 12 0
15 0 1 11 0 1 12 -13
15 0 1 11 0 1 13 0
15 0 1 11 0 1 13 -13
15 0 1 11 0 1 14 0
15 0 1 11 0 1 14 -13
15 0 1 11 0 1 15 0
15 0 1 11 0 1 15 -13
15 0 1 11 0 1 16 0
15 0 1 11 0 1 16 -13
15 0 0 12 0 0 6 0
15 0 0 12 0 0 6 -13
15 0 0 12 0 0 7 0
15 0 0 12 0 0 7 -13
15 0 0 12 0 0 8 0
15 0 0 12 0 0 8 -13
15 0 0 12 0 0 9 0
15 0 0 12 0 0 9 -13
15 0 0 12 0 0 10 0
15 0 0 12 0 0 10 -13
15 0 0 12 0 0 11 0
15 0 0 12 0 0 11 -13
15 0 0 12 0 0 12 0
15 0 0 12 0 0 12 -13
15 0 0 12 0 0 13 0
15 0 0 12 0 0 13 -13
15 0 0 12 0 0 14 0
15 0 0 12 0 0 14 -13
15 0 0 12 0 0 15 0
15 0 0 12 0 0 15 -13
15 0 0 12 0 0 16 0
15 0 0 12 0 0 16 -13
15 0 1 12 0 1 6 0
15 0 1 12 0 1 6 -13
15 0 1 12 0 1 7 0
15 0 1 12 0 1 7 -13
15 0 1 12 0 1 8 0
15 0 1 12 0 1 8 -13
15 0 1 12 0 1 9 0
15 0 1 12 0 1 9 -13
15 0 1 12 0 1 10 0
15 0 1 12 0 1 10 -13
15 0 1 12 0 1 11 0
15 0 1 12 0 1 11 -13
15 0 1 12 0 1 12 0
15 0 1 12 0 1 12 -13
15 0 1 12 0 1 13 0
15 0 1 12 0 1 13 -13
15 0 1 12 0 1 14 0
15 0 1 12 0 1 14 -13
15 0 1 12 0 1 15 0
15 0 1 12 0 1 15 -13
15 0 1 12 0 1 16 0
15 0 1 12 0 1 16 -13
15 0 0 13 0 0 6 0
15 0 0 13 0 0 6 -13
15 0 0 13 0 0 7 0
15 0 0 13 0 0 7 -13
15 0 0 13 0 0 8 0
15 0 0 13 0 0 8 -13
15 0 0 13 0 0 9 0
15 0 0 13 0 0 9 -13
15 0 0 13 0 0 10 0
15 0 0 13 0 0 10 -13
15 0 0 13 0 0 11 0
15 0 0 13 0 0 11 -13
15 0 0 13 0 0 12 0
15 0 0 13 0 0 12 -13
15 0 0 13 0 0 13 0
15 0 0 13 0 0 13 -13
15 0 0 13 0 0 14 0
15 0 0 13 0 0 14 -13
15 0 0 13 0 0 15 0
15 0 0 13 0 0 15 -13
15 0 0 13 0 0 16 0
15 0 0 13 0 0 16 -13
15 0 1 13 0 1 6 0
15 0 1 13 0 1 6 -13
15 0 1 13 0 1 7 0
15 0 1 13 0 1 7 -13
15 0 1 13 0 1 8 0
15 0 1 13 0 1 8 -13
15 0 1 13 0 1 9 0
15 0 1 13 0 1 9 -13
15 0 1 13 0 1 10 0
15 0 1 13 0 1 10 -13
15 0 1 13 0 1 11 0
15 0 1 13 0 1 11 -13
15 0 1 13 0 1 12 0
15 0 1 13 0 1 12 -13
15 0 1 13 0 1 13 0
15 0 1 13 0 1 13 -13
15 0 1 13 0 1 14 0
15 0 1 13 0 1 14 -13
15 0 1 13 0 1 15 0
15 0 1 13 0 1 15 -13
15 0 1 13 0 1 16 0
15 0 1 13 0 1 16 -13
15 0 0 14 0 0 6 0
15 0 0 14 0 0 6 -13
15 0 0 14 0 0 7 0
15 0 0 14 0 0 7 -13
15 0 0 14 0 0 8 0
15 0 0 14 0 0 8 -13
15 0 0 14 0 0 9 0
15 0 0 14 0 0 9 -13
15 0 0 14 0 0 10 0
15 0 0 14 0 0 10 -13
15 0 0 14 0 0 11 0
15 0 0 14 0 0 11 -13
15 0 0 14 0 0 12 0
15 0 0 14 0 0 12 -13
15 0 0 14 0 0 13 0
15 0 0 14 0 0 13 -13
15 0 0 14 0 0 14 0
15 0 0 14 0 0 14 -13
15 0 0 14 0 0 15 0
15 0 0 14 0 0 15 -13
15 0 0 14 0 0 16 0
15 0 0 14 0 0 16 -13
15 0 1 14 0 1 6 0
15 0 1 14 0 1 6 -13
15 0 1 14 0 1 7 0
15 0 1 14 0 1 7 -13
15 0 1 14 0 1 8 0
15 0 1 14 0 1 8 -13
15 0 1 14 0 1 9 0
15 0 1 14 0 1 9 -13
15 0 1 14 0 1 10 0
15 0 1 14 0 1 10 -13
15 0 1 14 0 1 11 0
15 0 1 14 0 1 11 -13
15 0 1 14 0 1 12 0
15 0 1 14 0 1 12 -13
15 0 1 14 0 1 13 0
15 0 1 14 0 1 13 -13
15 0 1 14 0 1 14 0
15 0 1 14 0 1 14 -13
15 0 1 14 0 1 15 0
15 0 1 14 0 1 15 -13
15 0 1 14 0 1 16 0
15 0 1 14 0 1 16 -13
15 0 0 15 0 0 6 0
15 0 0 15 0 0 6 -13
15 0 0 15 0 0 7 0
15 0 0 15 0 0 7 -13
15 0 0 15 0 0 8 0
15 0 0 15 0 0 8 -13
15 0 0 15 0 0 9 0
15 0 0 15 0 0 9 -13
15 0 0 15 0 0 10 0
15 0 0 15 0 0 10 -13
15 0 0 15 0 0 11 0
15 0 0 15 0 0 11 -13
15 0 0 15 0 0 12 0
15 0 0 15 0 0 12 -13
15 0 0 15 0 0 13 0
15 0 0 15 0 0 13 -13
15 0 0 15 0 0 14 0
15 0 0 15 0 0 14 -13
15 0 0 15 0 0 15 0
15 0 0 15 0 0 15 -13
15 0 0 15 0 0 16 0
15 0 0 15 0 0 16 -13
15 0 1 15 0 1 6 0
15 0 1 15 0 1 6 -13
15 0 1 15 0 1 7 0
15 0 1 15 0 1 7 -13
15 0 1 15 0 1 8 0
15 0 1 15 0 1 8 -13
15 0 1 15 0 1 9 0
15 0 1 15 0 1 9 -13
15 0 1 15 0 1 10 0
15 0 1 15 0 1 10 -13
15 0 1 15 0 1 11 0
15 0 1 15 0 1 11 -13
15 0 1 15 0 1 12 0
15 0 1 15 0 1 12 -13
15 0 1 15 0 1 13 0
15 0 1 15 0 1 13 -13
15 0 1 15 0 1 14 0
15 0 1 15 0 1 14 -13
15 0 1 15 0 1 15 0
15 0 1 15 0 1 15 -13
15 0 1 15 0 1 16 0
15 0 1 15 0 1 16 -13
16 0 0 6 0 0 6 0
16 0 0 6 0 0 6 -14
16 0 0 6 0 0 7 0
16 0 0 6 0 0 7 -14
16 0 0 6 0 0 8 0
16 0 0 6 0 0 8 -14
16 0 0 6 0 0 9 0
16 0 0 6 0 0 9 -14
16 0 0 6 0 0 10 0
16 0 0 6 0 0 10 -14
16 0 0 6 0 0 11 0
16 0 0 6 0 0 11 -14
16 0 0 6 0 0 12 0
16 0 0 6 0 0 12 -14
16 0 0 6 0 0 13 0
16 0 0 6 0 0 13 -14
16 0 0 6 0 0 14 0
16 0 0 6 0 0 14 -14
16 0 0 6 0 0 15 0
16 0 0 6 0 0 15 -14
16 0 0 6 0 0 16 0
16 0 0 6 0 0 16 -14
16 0 0 6 0 0 17 0
16 0 0 6 0 0 17 -14
16 0 1 6 0 1 6 0
16 0 1 6 0 1 6 -14
16 0 1 6 0 1 7 0
16 0 1 6 0 1 7 -14
16 0 1 6 0 1 8 0
16 0 1 6 0 1 8 -14
16 0 1 6 0 1 9 0
16 0 1 6 0 1 9 -14
16 0 1 6 0 1 10 0
16 0 1 6 0 1 10 -14
16 0 1 6 0 1 11 0
16 0 1 6 0 1 11 -14
16 0 1 6 0 1 12 0
16 0 1 6 0 1 12 -14
16 0 1 6 0 1 13 0
16 0 1 6 0 1 13 -14
16 0 1 6 0 1 14 0
16 0 1 6 0 1 14 -14
16 0 1 6 0 1 15 0
16 0 1 6 0 1 15 -14
16 0 1 6 0 1 16 0
16 0 1 6 0 1 16 -14
16 0 1 6 0 1 17 0
16 0 1 6 0 1 17 -14
16 0 0 7 0 0 6 0
16 0 0 7 0 0 6 -14
16 0 0 7 0 0 7 0
16 0 0 7 0 0 7 -14
16 0 0 7 0 0 8 0
16 0 0 7 0 0 8 -14
16 0 0 7 0 0 9 0
16 0 0 7 0 0 9 -14
16 0 0 7 0 0 10 0
16 0 0 7 0 0 10 -14
16 0 0 7 0 0 11 0
16 0 0 7 0 0 11 -14
16 0 0 7 0 0 12 0
16 0 0 7 0 0 12 -14
16 0 0 7 0 0 13 0
16 0 0 7 0 0 13 -14
16 0 0 7 0 0 14 0
16 0 0 7 0 0 14 -14
16 0 0 7 0 0 15 0
16 0 0 7 0 0 15 -14
16 0 0 7 0 0 16 0
16 0 0 7 0 0 16 -14
16 0 0 7 0 0 17 0
16 0 0 7 0 0 17 -14
16 0 1 7 0 1 6 0
16 0 1 7 0 1 6 -14
16 0 1 7 0 1 7 0
16 0 1 7 0 1 7 -14
16 0 1 7 0 1 8 0
16 0 1 7 0 1 8 -14
16 0 1 7 0 1 9 0
16 0 1 7 0 1 9 -14
16 0 1 7 0 1 10 0
16 0 1 7 0 1 10 -14
16 0 1 7 0 1 11 0
16 0 1 7 0 1 11 -14
16 0 1 7 0 1 12 0
16 0 1 7 0 1 12 -14
16 0 1 7 0 1 13 0
16 0 1 7 0 1 13 -14
16 0 1 7 0 1 14 0
16 0 1 7 0 1 14 -14
16 0 1 7 0 1 15 0
16 0 1 7 0 1 15 -14
16 0 1 7 0 1 16 0
16 0 1 7 0 1 16 -14
16 0 1 7 0 1 17 0
16 0 1 7 0 1 17 -14
16 0 0 8 0 0 6 0
16 0 0 8 0 0 6 -14
16 0 0 8 0 0 7 0
16 0 0 8 0 0 7 -14
16 0 0 8 0 0 8 0
16 0 0 8 0 0 8 -14
16 0 0 8 0 0 9 0
16 0 0 8 0 0 9 -14
16 0 0 8 0 0 10 0
16 0 0 8 0 0 10 -14
16 0 0 8 0 0 11 0
16 0 0 8 0 0 11 -14
16 0 0 8 0 0 12 0
16 0 0 8 0 0 12 -14
16 0 0 8 0 0 13 0
16 0 0 8 0 0 13 -14
16 0 0 8 0 0 14 0
16 0 0 8 0 0 14 -14
16 0 0 8 0 0 15 0
16 0 0 8 0 0 15 -14
16 0 0 8 0 0 16 0
16 0 0 8 0 0 16 -14
16 0 0 8 0 0 17 0
16 0 0 8 0 0 17 -14
16 0 1 8 0 1 6 0
16 0 1 8 0 1 6 -14
16 0 1 8 0 1 7 0
16 0 1 8 0 1 7 -14
16 0 1 8 0 1 8 0
16 0 1 8 0 1 8 -14
16 0 1 8 0 1 9 0
16 0 1 8 0 1 9 -14
16 0 1 8 0 1 10 0
16 0 1 8 0 1 10 -14
16 0 1 8 0 1 11 0
16 0 1 8 0 1 11 -14
16 0 1 8 0 1 12 0
16 0 1 8 0 1 12 -14
16 0 1 8 0 1 13 0
16 0 1 8 0 1 13 -14
16 0 1 8 0 1 14 0
16 0 1 8 0 1 14 -14
16 0 1 8 0 1 15 0
16 0 1 8 0 1 15 -14
16 0 1 8 0 1 16 0
16 0 1 8 0 1 16 -14
16 0 1 8 0 1 17 0
16 0 1 8 0 1 17 -14
16 0 0 9 0 0 6 0
16 0 0 9 0 0 6 -14
16 0 0 9 0 0 7 0
16 0 0 9 0 0 7 -14
16 0 0 9 0 0 8 0
16 0 0 9 0 0 8 -14
16 0 0 9 0 0 9 0
16 0 0 9 0 0 9 -14
16 0 0 9 0 0 10 0
16 0 0 9 0 0 10 -14
16 0 0 9 0 0 11 0
16 0 0 9 0 0 11 -14
16 0 0 9 0 0 12 0
16 0 0 9 0 0 12 -14
16 0 0 9 0 0 13 0
16 0 0 9 0 0 13 -14
16 0 0 9 0 0 14 0
16 0 0 9 0 0 14 -14
16 0 0 9 0 0 15 0
16 0 0 9 0 0 15 -14
16 0 0 9 0 0 16 0
16 0 0 9 0 0 16 -14
16 0 0 9 0 0 17 0
16 0 0 9 0 0 17 -14
16 0 1 9 0 1 6 0
16 0 1 9 0 1 6 -14
16 0 1 9 0 1 7 0
16 0 1 9 0 1 7 -14
16 0 1 9 0 1 8 0
16 0 1 9 0 1 8 -14
16 0 1 9 0 1 9 0
16 0 1 9 0 1 9 -14
16 0 1 9 0 1 10 0
16 0 1 9 0 1 10 -14
16 0 1 9 0 1 11 0
16 0 1 9 0 1 11 -14
16 0 1 9 0 1 12 0
16 0 1 9 0 1 12 -14
16 0 1 9 0 1 13 0
16 0 1 9 0 1 13 -14
16 0 1 9 0 1 14 0
16 0 1 9 0 1 14 -14
16 0 1 9 0 1 15 0
16 0 1 9 0 1 15 -14
16 0 1 9 0 1 16 0
16 0 1 9 0 1 16 -14
16 0 1 9 0 1 17 0
16 0 1 9 0 1 17 -14
16 0 0 10 0 0 6 0
16 0 0 10 0 0 6 -14
16 0 0 10 0 0 7 0
16 0 0 10 0 0 7 -14
16 0 0 10 0 0 8 0
16 0 0 10 0 0 8 -14
16 0 0 10 0 0 9 0
16 0 0 10 0 0 9 -14
16 0 0 10 0 0 10 0
16 0 0 10 0 0 10 -14
16 0 0 10 0 0 11 0
16 0 0 10 0 0 11 -14
16 0 0 10 0 0 12 0
16 0 0 10 0 0 12 -14
16 0 0 10 0 0 13 0
16 0 0 10 0 0 13 -14
16 0 0 10 0 0 14 0
16 0 0 10 0 0 14 -14
16 0 0 10 0 0 15 0
16 0 0 10 0 0 15 -14
16 0 0 10 0 0 16 0
16 0 0 10 0 0 16 -14
16 0 0 10 0 0 17 0
16 0 0 10 0 0 17 -14
16 0 1 10 0 1 6 0
16 0 1 10 0 1 6 -14
16 0 1 10 0 1 7 0
16 0 1 10 0 1 7 -14
16 0 1 10 0 1 8 0
16 0 1 10 0 1 8 -14
16 0 1 10 0 1 9 0
16 0 1 10 0 1 9 -14
16 0 1 10 0 1 10 0
16 0 1 10 0 1 10 -14
16 0 1 10 0 1 11 0
16 0 1 10 0 1 11 -14
16 0 1 10 0 1 12 0
16 0 1 10 0 1 12 -14
16 0 1 10 0 1 13 0
16 0 1 10 0 1 13 -14
16 0 1 10 0 1 14 0
16 0 1 10 0 1 14 -14
16 0 1 10 0 1 15 0
16 0 1 10 0 1 15 -14
16 0 1 10 0 1 16 0
16 0 1 10 0 1 16 -14
16 0 1 10 0 1 17 0
16 0 1 10 0 1 17 -14
16 0 0 11 0 0 6 0
16 0 0 11 0 0 6 -14
16 0 0 11 0 0 7 0
16 0 0 11 0 0 7 -14
16 0 0 11 0 0 8 0
16 0 0 11 0 0 8 -14
16 0 0 11 0 0 9 0
16 0 0 11 0 0 9 -14
16 0 0 11 0 0 10 0
16 0 0 11 0 0 10 -14
16 0 0 11 0 0 11 0
16 0 0 11 0 0 11 -14
16 0 0 11 0 0 12 0
16 0 0 11 0 0 12 -14
16 0 0 11 0 0 13 0
16 0 0 11 0 0 13 -14
16 0 0 11 0 0 14 0
16 0 0 11 0 0 14 -14
16 0 0 11 0 0 15 0
16 0 0 11 0 0 15 -14
16 0 0 11 0 0 16 0
16 0 0 11 0 0 16 -14
16 0 0 11 0 0 17 0
16 0 0 11 0 0 17 -14
16 0 1 11 0 1 6 0
16 0 1 11 0 1 6 -14
16 0 1 11 0 1 7 0
16 0 1 11 0 1 7 -14
16 0 1 11 0 1 8 0
16 0 1 11 0 1 8 -14
16 0 1 11 0 1 9 0
16 0 1 11 0 1 9 -14
16 0 1 11 0 1 10 0
16 0 1 11 0 1 10 -14
16 0 1 11 0 1 11 0
16 0 1 11 0 1 11 -14
16 0 1 11 0 1 12 0
16 0 1 11 0 1 12 -14
16 0 1 11 0 1 13 0
16 0 1 11 0 1 13 -14
16 0 1 11 0 1 14 0
16 0 1 11 0 1 14 -14
16 0 1 11 0 1 15 0
16 0 1 11 0 1 15 -14
16 0 1 11 0 1 16 0
16 0 1 11 0 1 16 -14
16 0 1 11 0 1 17 0
16 0 1 11 0 1 17 -14
16 0 0 12 0 0 6 0
16 0 0 12 0 0 6 -14
16 0 0 12 0 0 7 0
16 0 0 12 0 0 7 -14
16 0 0 12 0 0 8 0
16 0 0 12 0 0 8 -14
16 0 0 12 0 0 9 0
16 0 0 12 0 0 9 -14
16 0 0 12 0 0 10 0
16 0 0 12 0 0 10 -14
16 0 0 12 0 0 11 0
16 0 0 12 0 0 11 -14
16 0 0 12 0 0 12 0
16 0 0 12 0 0 12 -14
16 0 0 12 0 0 13 0
16 0 0 12 0 0 13 -14
16 0 0 12 0 0 14 0
16 0 0 12 0 0 14 -14
16 0 0 12 0 0 15 0
16 0 0 12 0 0 15 -14
16 0 0 12 0 0 16 0
16 0 0 12 0 0 16 -14
16 0 0 12 0 0 17 0
16 0 0 12 0 0 17 -14
16 0 1 12 0 1 6 0
16 0 1 12 0 1 6 -14
16 0 1 12 0 1 7 0
16 0 1 12 0 1 7 -14
16 0 1 12 0 1 8 0
16 0 1 12 0 1 8 -14
16 0 1 12 0 1 9 0
16 0 1 12 0 1 9 -14
16 0 1 12 0 1 10 0
16 0 1 12 0 1 10 -14
16 0 1 12 0 1 11 0
16 0 1 12 0 1 11 -14
16 0 1 12 0 1 12 0
16 0 1 12 0 1 12 -14
16 0 1 12 0 1 13 0
16 0 1 12 0 1 13 -14
16 0 1 12 0 1 14 0
16 0 1 12 0 1 14 -14
16 0 1 12 0 1 15 0
16 0 1 12 0 1 15 -14
16 0 1 12 0 1 16 0
16 0 1 12 0 1 16 -14
16 0 1 12 0 1 17 0
16 0 1 12 0 1 17 -14
16 0 0 13 0 0 6 0
16 0 0 13 0 0 6 -14
16 0 0 13 0 0 7 0
16 0 0 13 0 0 7 -14
16 0 0 13 0 0 8 0
16 0 0 13 0 0 8 -14
16 0 0 13 0 0 9 0
16 0 0 13 0 0 9 -14
16 0 0 13 0 0 10 0
16 0 0 13 0 0 10 -14
16 0 0 13 0 0 11 0
16 0 0 13 0 0 11 -14
16 0 0 13 0 0 12 0
16 0 0 13 0 0 12 -14
16 0 0 13 0 0 13 0
16 0 0 13 0 0 13 -14
16 0 0 13 0 0 14 0
16 0 0 13 0 0 14 -14
16 0 0 13 0 0 15 0
16 0 0 13 0 0 15 -14
16 0 0 13 0 0 16 0
16 0 0 13 0 0 16 -14
16 0 0 13 0 0 17 0
16 0 0 13 0 0 17 -14
16 0 1 13 0 1 6 0
16 0 1 13 0 1 6 -14
16 0 1 13 0 1 7 0
16 0 1 13 0 1 7 -14
16 0 1 13 0 1 8 0
16 0 1 13 0 1 8 -14
16 0 1 13 0 1 9 0
16 0 1 13 0 1 9 -14
16 0 1 13 0 1 10 0
16 0 1 13 0 1 10 -14
16 0 1 13 0 1 11 0
16 0 1 13 0 1 11 -14
16 0 1 13 0 1 12 0
16 0 1 13 0 1 12 -14
16 0 1 13 0 1 13 0
16 0 1 13 0 1 13 -14
16 0 1 13 0 1 14 0
16 0 1 13 0 1 14 -14
16 0 1 13 0 1 15 0
16 0 1 13 0 1 15 -14
16 0 1 13 0 1 16 0
16 0 1 13 0 1 16 -14
16 0 1 13 0 1 17 0
16 0 1 13 0 1 17 -14
16 0 0 14 0 0 6 0
16 0 0 14 0 0 6 -14
16 0 0 14 0 0 7 0
16 0 0 14 0 0 7 -14
16 0 0 14 0 0 8 0
16 0 0 14 0 0 8 -14
16 0 0 14 0 0 9 0
16 0 0 14 0 0 9 -14
16 0 0 14 0 0 10 0
16 0 0 14 0 0 10 -14
16 0 0 14 0 0 11 0
16 0 0 14 0 0 11 -14
16 0 0 14 0 0 12 0
16 0 0 14 0 0 12 -14
16 0 0 14 0 0 13 0
16 0 0 14 0 0 13 -14
16 0 0 14 0 0 14 0
16 0 0 14 0 0 14 -14
16 0 0 14 0 0 15 0
16 0 0 14 0 0 15 -14
16 0 0 14 0 0 16 0
16 0 0 14 0 0 16 -14
16 0 0 14 0 0 17 0
16 0 0 14 0 0 17 -14
16 0 1 14 0 1 6 0
16 0 1 14 0 1 6 -14
16 0 1 14 0 1 7 0
16 0 1 14 0 1 7 -14
16 0 1 14 0 1 8 0
16 0 1 14 0 1 8 -14
16 0 1 14 0 1 9 0
16 0 1 14 0 1 9 -14
16 0 1 14 0 1 10 0
16 0 1 14 0 1 10 -14
16 0 1 14 0 1 11 0
16 0 1 14 0 1 11 -14
16 0 1 14 0 1 12 0
16 0 1 14 0 1 12 -14
16 0 1 14 0 1 13 0
16 0 1 14 0 1 13 -14
16 0 1 14 0 1 14 0
16 0 1 14 0 1 14 -14
16 0 1 14 0 1 15 0
16 0 1 14 0 1 15 -14
16 0 1 14 0 1 16 0
16 0 1 14 0 1 16 -14
16 0 1 14 0 1 17 0
16 0 1 14 0 1 17 -14
16 0 0 15 0 0 6 0
16 0 0 15 0 0 6 -14
16 0 0 15 0 0 7 0
16 0 0 15 0 0 7 -14
16 0 0 15 0 0 8 0
16 0 0 15 0 0 8 -14
16 0 0 15 0 0 9 0
16 0 0 15 0 0 9 -14
16 0 0 15 0 0 10 0
16 0 0 15 0 0 10 -14
16 0 0 15 0 0 11 0
16 0 0 15 0 0 11 -14
16 0 0 15 0 0 12 0
16 0 0 15 0 0 12 -14
16 0 0 15 0 0 13 0
16 0 0 15 0 0 13 -14
16 0 0 15 0 0 14 0
16 0 0 15 0 0 14 -14
16 0 0 15 0 0 15 0
16 0 0 15 0 0 15 -14
16 0 0 15 0 0 16 0
16 0 0 15 0 0 16 -14
16 0 0 15 0 0 17 0
16 0 0 15 0 0 17 -14
16 0 1 15 0 1 6 0
16 0 1 15 0 1 6 -14
16 0 1 15 0 1 7 0
16 0 1 15 0 1 7 -14
16 0 1 15 0 1 8 0
16 0 1 15 0 1 8 -14
16 0 1 15 0 1 9 0
16 0 1 15 0 1 9 -14
16 0 1 15 0 1 10 0
16 0 1 15 0 1 10 -14
16 0 1 15 0 1 11 0
16 0 1 15 0 1 11 -14
16 0 1 15 0 1 12 0
16 0 1 15 0 1 12 -14
16 0 1 15 0 1 13 0
16 0 1 15 0 1 13 -14
16 0 1 15 0 1 14 0
16 0 1 15 0 1 14 -14
16 0 1 15 0 1 15 0
16 0 1 15 0 1 15 -14
16 0 1 15 0 1 16 0
16 0 1 15 0 1 16 -14
16 0 1 15 0 1 17 0
16 0 1 15 0 1 17 -14
16 0 0 16 0 0 6 0
16 0 0 16 0 0 6 -14
16 0 0 16 0 0 7 0
16 0 0 16 0 0 7 -14
16 0 0 16 0 0 8 0
16 0 0 16 0 0 8 -14
16 0 0 16 0 0 9 0
16 0 0 16 0 0 9 -14
16 0 0 16 0 0 10 0
16 0 0 16 0 0 10 -14
16 0 0 16 0 0 11 0
16 0 0 16 0 0 11 -14
16 0 0 16 0 0 12 0
16 0 0 16 0 0 12 -14
16 0 0 16 0 0 13 0
16 0 0 16 0 0 13 -14
16 0 0 16 0 0 14 0
16 0 0 16 0 0 14 -14
16 0 0 16 0 0 15 0
16 0 0 16 0 0 15 -14
16 0 0 16 0 0 16 0
16 0 0 16 0 0 16 -14
16 0 0 16 0 0 17 0
16 0 0 16 0 0 17 -14
16 0 1 16 0 1 6 0
16 0 1 16 0 1 6 -14
16 0 1 16 0 1 7 0
16 0 1 16 0 1 7 -14
16 0 1 16 0 1 8 0
16 0 1 16 0 1 8 -14
16 0 1 16 0 1 9 0
16 0 1 16 0 1 9 -14
16 0 1 16 0 1 10 0
16 0 1 16 0 1 10 -14
16 0 1 16 0 1 11 0
16 0 1 16 0 1 11 -14
16 0 1 16 0 1 12 0
16 0 1 16 0 1 12 -14
16 0 1 16 0 1 13 0
16 0 1 16 0 1 13 -14
16 0 1 16 0 1 14 0
16 0 1 16 0 1 14 -14
16 0 1 16 0 1 15 0
16 0 1 16 0 1 15 -14
16 0 1 16 0 1 16 0
16 0 1 16 0 1 16 -14
16 0 1 16 0 1 17 0
16 0 1 16 0 1 17 -14
