0110100111010101110010011110000000010010000001101011101000101011101010001000000100110000100100000100000101000101111110011111010100011011110001001010010100100000
1101011011100010000111110100110101011010011001111001100010011100010010011100110110110001110111111001010110010110001101101101100001010011111110110010010111011011
1101110000110101111010000001000111011011000001111000100111011111100010111001111000110001101011100011101000000111011101000110110101010100111111100010011101100110
1001000001100000100101110110111000010011011000001110101110111010111100001101101110100011001010111101110101010000001000111000110000100010010100110001101100010000
0101000110001000001110100101001101010010001110101101000010101000011010100101000001000001100011111000100010010001110111110101110100111011111010101001001001010011
1001101110000100001011011011100111001100110011000000110011001000000101011110111010101111011011111111011110001110011010010111101100100110110001110000010111000101
1010111110000010000100111110011011011110100010110100010101001011110001010001100100011001011101111010011110100111010011100000001001101100010101110001101010100101
1101101011110111110110011100000101001101011101100011101001111110111110110010000100100101001100001011111110001110000100011010000100011110011000000010000111001101
1000110101111100010101001011100010100110011110001011010000111110011100110100110101100011100001010010011110011100110101100100011010101110100001010100110100000010
1000000011001010001000011100101011011110000100111010010101100000000001111101000000011000110011101100001101010011110101010111011110110001001100100111110010001011
