10101100110010011101001110000101101100001110010100011101111000000011100101001010011111010001001110001111111100000001111010100000000001000110000110001101100101001110011101001100110100011111111110010000110010010101011100000110
10001001010001111111011000000101011001100111001011001011001101101000111000010101101011011011010110010100001011101011101011110011010011110111000010001000000111110011010000000010011010001001010001100000001111000101001000100100
01101001101001100001010011110000100001110001111011010000111111000010001001001110101111101011010010010111110101101111110001110101100000001111001101010111011110001010110110010111101010101000110100010000011101111000111010110100
01000001110111100110001001101011001101111000100100000110001001000110000001000100001111101000011011111110010011001101000001111010011010011001000101100100011010011111011010010111100100011110111111000101001000001000001011100000
11010010110100111000000110010010011111010011110100100111011110011111110111011110011101100110000011100011110000001011100011111001010110110101011001110110000000010001100111110100110110101111101100011000011001000111110101100100
01101000010000111111101000110010110011000010000011010100111100111111100110111010110000010010110011010000001011101101000011100101000001101000001111101101110011110011000100011000010001111001100101000000111010010100010100010101
00011110000110001000100100110010100010111011011100100001000111110001000001101100010111100110001100010011001111000010001101100100100100001101111001000000100111100001100001100010111101010010110101101110111100100011000000101100
10110010110001001110110110110110011111100111011101001010111110001001011011101001110011111100111000111111101001000000110110111100011110010101010101000110010101110010110011000101000111100001001001011011101000110011000111011101
00100000110001111100110010001001101101101101011011000000000100110000010101111011110101100101010100000001110111011110111010100101100011111000011111011111101010010100001011100001100110000011100010010010000011110001110011000011
01000101011001000000111101110100011010010001100000001110010101001110010110001010101011001110111101001010001010100001111111100101001110110011111100010111010111101000010000001100101011000010111101110101110111110011011110111111
