1001010110100001011011000011001101110110111010001111111001001101010110011001000010100000011110101100100100101010011110110111001101001110000001001010110111101010
1111100010110100100000100000110100101011100100110110010001000000111000011011010110100011001000011000110100000111110100110111101011011111001111101110001100011111
0100110000100101001110011101010111011011000101111000100111000110000100000111011110101100011110110111100000101100000111010001101101010100000111011100101010101000
1110100000110001101010111001110110100100000110000100001110110010101100111011111111101101011101001100110101011001111101011101001101001111100011011101110000011110
0101111000111000101000100101101000001100111111110010001101111111000110011001001011111010001000111001110000011101101001000001011101000101110110010111101111101011
1111000011010011100100010110101001001010001011011010001100100111011101010011001101011010011111010000110100001001000011101110011010110101110101100100010110101010
1011000011101001111100000111010000011000110010001111110110111010111110111010000100110100000010110000111011111001001100111000110011111111000010000100111101010101
1000000001100000011110101101011111000001110101010100110010000001101000101100011011010001000111001001101100100010010001000000001001010011000101101011001110110001
0001100000110001111101000110000010010001001001101011100101011111000110101000000010101011110001110001110010100011101001011110001010001011101011001100001000010000
0011000101001010000110110111011101001001001001000001101000001001000001111111000001110100010100011101110110110000111101011000000010011010000101000110011111010101
