11000111110111111010111000000000100111101000110011010000110001010110110100110100110000110100010111101010011110000101010101110101001110001111011000110011011010110111000000110111110010110011110001000100010111010101110100100111011010111010000111011111000001110110110010010110101001101111011001100100101111010100000011111110
01100000001100111101101110100010101010100111111111011000001011011100101001101100110110000000111101000100111000000101100011110000010101001001111010101100110010110001010101101010111110101000011001111111111111110100101001000000100110110100101100110000111110001010000011001001100011000001011001011001101011100001111000000000
01101101010101111100001111001110011010010010110110101100100010111011111100001110100100101110000111101011011111000010010000100000001000111010101011101010101100111111101011000001011010000001001101000001000001101000001100010001010000011010100101100111110110001000010110111011110010100000101100010110111110000001101100001100
10100011111011111110100110110110101110110000001111011010110000110001101101011110100100111100010101101101011000000000001100111010100101011100110001101010011100110110111011001111111000000011011001101000111011000011110001011000001101001001001110110000011000001110010010100010010110110110011100111000110101100100001101001010
01101100001010011110111101010000111110110001011111010110011101000011110010110111010001001001110011111000011011100000011001100001100101101001110110101000110100001101101110110100100110010100110101001011100010110100111100110000111110000000010100001000001110011001001111000010001100111100111000011001110110000100111010111011
11111001011010011011110011111100001101111111000001011110101100101001111010111001000001110000010010001110100100111101110101011011000111110011101000011110101010011000110111101001011101001100111101000100110101100110011010010100111111101111001011111001100001100011101101001110011011110011100000000101100110100110000100101000
00101101100000010011110100101001000011000100101001110110001011101010010011110011000001001110101011010110001110000111111010100000110000011000001111100000001011100011100111010111010100000111111001110010000010000001001110010111111111010001010000100000111100101010000011110000100110000101111010111011111111011110001000101010
10000001000110100001110011000110101001010100010111010111000000100001010011101111001110111111110100011100000001010101111101001111010001010000000110111010100110010101111111111011100001100000101001111101011110100101010111010100110001000111001100001100011011000011000010000010100111000011101111101011011001110100111101111010
01010011111101101001111101010011011111110010100011011100010000110001111000010111111111010110010001001110000010000100011100110110111000000101001000011011011010111010010001001010111010110111010010001011111111000110110001010000100100111110111010000011100010000010100111111000100001001001111111100101100001100111110011110111
10111111111101110111100101000000010110011010010011100001100000011111001011100000100101100101100001011010110010111111001100001111001010101001010000110111110100010001110111001101111101110100101110100101110101101100011010110101110010011101011101100110010010000101010010001101110111101010001101111100110010010011011110010101
