-0.926427
0.951560
0.811526
-1.041153
1.043824
-0.905544
-1.037615
1.131538
1.027508
0.891703
-1.007045
1.192951
-1.137970
1.056884
-0.831752
-0.995817
-0.956486
-0.922802
1.062991
-1.067054
1.016567
-0.960669
-0.955286
-0.879026
0.852587
1.233449
-0.960779
-0.935349
-0.951417
-1.113994
-0.853256
-1.160121
1.067008
-0.821962
0.628940
-0.826385
1.184851
-1.105856
1.083583
-0.908252
-0.970005
0.910701
1.057266
0.672838
0.822122
0.927540
1.087809
-0.901450
0.908061
-1.134645
1.016508
0.845715
-1.290232
-0.969134
-0.916559
0.978061
1.004640
0.967727
-0.927826
-0.923712
0.951959
0.950988
0.945462
0.978270
-0.823861
1.041035
-0.915929
1.222095
-0.740705
1.095629
0.999615
-0.723081
-0.981470
1.070002
1.057285
1.057938
1.028941
0.925736
1.028683
-1.142790
0.817178
0.996236
-0.840539
0.862583
0.916442
-0.842405
1.117471
1.041650
1.139225
-1.042040
1.103641
-0.843701
-0.848885
1.195772
0.837188
-1.007631
-1.054553
1.019029
1.014036
-0.968592
-1.067221
0.849738
-1.031274
1.186852
0.924842
1.085984
1.016230
-1.046809
0.979916
-0.972919
-0.990399
-1.006206
0.930545
-1.024381
-1.000553
-0.885788
-0.932312
-0.998359
-0.935216
1.153673
-0.980839
1.045090
-1.011389
1.000137
0.873001
-0.998162
-0.830513
1.087883
0.969395
-1.018064
0.958046
0.934252
-0.825875
0.996758
-1.021694
-1.014515
-1.035674
-1.090922
0.977507
0.999021
-0.979822
0.999736
0.910996
-1.029200
1.005760
1.053759
-0.981615
-1.110844
-0.934656
1.123734
1.162041
-0.884555
0.870808
0.993842
1.108799
-1.045039
-1.042006
-1.152383
-0.982912
0.811454
0.927484
-1.026993
-1.021610
-1.107405
1.018556
-0.884290
0.978878
1.098938
0.818185
-1.048035
-0.951239
1.129768
0.971594
0.898585
0.943605
0.973934
1.243819
-1.022826
-1.083809
0.892236
0.977801
1.008006
1.004047
1.029736
1.070997
1.094877
-1.167975
0.993196
1.053730
0.921959
0.972870
-0.977688
1.057313
-1.053561
-1.161915
-0.899917
-0.980807
-1.138356
-0.945411
0.953818
-1.142710
-1.050824
-0.886201
-1.166169
-0.803046
-1.210522
-1.144961
-1.010126
0.854796
1.110120
-0.829384
-0.918176
1.013511
0.889027
0.935831
1.105184
-0.910492
-1.054369
0.910650
-0.894700
-1.048752
1.000466
0.917803
0.920020
-0.878259
-0.867713
0.956525
-1.102746
1.037370
-0.992827
-1.100805
-0.910892
0.936008
1.066552
-1.101366
-1.080438
1.089846
0.994365
1.051599
0.972665
1.213783
-0.923421
-0.986933
1.255055
-1.084837
1.012291
1.042384
-1.036146
1.249529
1.034616
1.118208
-0.965492
0.991394
-1.043839
-1.039107
-1.179554
0.954482
0.997131
-0.974854
-1.086609
-0.973459
-1.018368
1.012279
1.145012
-0.964917
1.110365
-0.899020
-1.087812
1.062057
1.038206
-1.044206
0.923525
0.939761
0.999159
-0.961109
0.914994
-0.987241
-1.013730
-1.036203
1.090823
-0.987886
-1.085877
-1.110010
-1.149121
-0.912172
1.138979
-1.053823
0.920857
1.038507
1.035214
-1.038080
-0.915389
-1.010534
1.283717
0.740883
-0.877830
1.082316
-1.032101
-1.137672
-0.969868
1.079413
-1.261441
1.171860
0.986333
-0.812603
1.116568
1.064926
1.112408
1.094414
1.030681
1.228488
-1.031265
0.918534
-1.146377
1.344104
-1.047983
-1.107929
0.958774
-0.967116
1.063276
0.994540
1.124373
-1.014819
-0.994352
1.057500
1.104847
0.925199
1.100974
1.244928
-1.126051
-1.048527
-1.049677
-0.865892
-0.943469
-1.000042
1.045193
-1.138344
-1.015209
0.935543
-1.158357
1.254893
0.840932
-0.933878
1.061764
-1.049712
-1.057852
1.047003
1.166875
0.907872
-0.933978
-0.961930
0.901760
-1.016492
-1.028638
0.920615
0.976433
-1.074727
0.996064
1.098638
-1.190453
-1.005522
0.874642
1.079384
1.117618
-1.077310
1.134049
1.012039
0.957836
-0.891702
-0.971765
0.934773
-0.988654
-1.024274
1.081513
-0.931232
-1.146339
-0.969068
-0.937843
-1.112659
-1.034324
1.305357
0.846168
-1.023048
-0.918066
1.092266
-1.055566
-0.917451
1.256254
-1.017658
1.015193
-0.824109
0.948423
-1.218921
-0.932244
-1.204082
0.899278
0.880106
-1.129322
-1.047229
-1.024299
0.963366
-1.002610
1.092988
1.096146
-0.970450
1.079786
-1.065723
-0.939335
0.876493
-1.012177
-1.100197
1.026937
1.019483
1.192662
-1.082028
-1.142754
-1.061418
1.087783
0.961515
-0.979982
-0.859361
-0.982970
1.085320
0.853196
-1.097970
1.046878
1.051980
1.006617
-1.189671
1.086943
0.983743
0.985731
-1.076092
0.947873
1.087577
1.115880
-1.030163
-1.014986
-1.169015
1.087194
0.796897
0.802646
1.166372
0.830503
0.916984
1.039621
-1.112595
-0.941283
-1.058649
1.028640
0.925201
-1.074747
0.909899
1.047789
-1.073047
-1.030255
0.970049
0.869536
-0.995369
1.101679
-0.983712
-0.940091
-0.893697
0.893829
-0.990352
-1.210527
-0.951523
0.987654
-1.116398
0.928513
0.853179
0.859108
1.133996
1.136567
-0.787652
-0.876163
-1.067065
-0.924488
0.870499
1.009064
0.922446
1.057982
0.935593
0.943835
0.985725
1.023178
0.897651
0.981441
0.839269
1.050430
-1.018940
0.938576
-0.975850
1.031290
-1.094746
-0.881517
-0.974513
1.058116
-0.948107
-0.970120
0.859124
-1.058918
-0.964336
-1.011200
-0.859039
-1.241849
1.053299
0.841968
-0.936542
0.994518
1.095986
-1.027180
0.903102
0.854537
0.964945
-0.806207
-1.073914
0.947081
-1.091069
-0.937004
-0.947574
-0.950667
0.955728
0.987643
-0.857266
1.255093
-0.840486
0.914723
-0.981244
-0.927605
-0.959750
0.827577
1.284585
-0.847575
-1.012286
-1.016342
-0.949788
0.967231
0.995095
-0.897510
0.880943
0.993696
-1.181889
-0.936453
0.945997
1.038766
0.811323
-1.042548
1.055897
0.906668
0.856176
-0.955536
-1.000969
0.946848
1.020428
-1.163341
-1.037037
1.053976
-1.083354
0.917623
-1.034617
-0.826476
1.133379
-1.158895
-0.925232
-1.087995
-1.020997
0.889983
-1.061518
-1.068632
0.836850
1.105034
-1.131565
-1.043920
1.076250
0.875357
-0.900842
1.035696
-0.958962
1.092450
0.786630
-0.977218
1.029183
-1.083846
1.020642
-0.877560
-1.076682
-1.107212
-0.924423
0.916631
1.007780
1.012226
0.930697
-0.975586
1.080683
-1.191869
-1.089041
0.966844
-1.062114
1.078658
0.909707
1.036573
0.912050
-1.016867
-0.777593
-1.099376
-1.263242
0.981220
1.009021
1.090604
1.003724
1.093109
1.016058
-0.936502
0.904093
-1.078113
-0.951314
-1.039089
-0.841785
0.918858
0.958125
-0.881784
0.913202
1.135626
-0.947959
1.084840
-0.963711
1.072001
0.990337
0.866984
0.960376
0.849091
-0.826065
-0.915936
-1.023465
1.091146
0.942587
-0.933822
1.037072
1.053173
0.932815
1.056659
0.914972
0.996304
0.920700
-1.177703
1.058900
-1.158338
-0.851505
-0.887605
0.945572
-0.899145
0.924410
-1.024583
-0.893960
-1.165629
1.038131
-1.022884
0.962491
-1.086537
-0.760243
-0.923820
0.929799
1.075975
-0.900814
-1.043917
-1.037511
0.773429
0.885217
-0.987626
-0.951991
-1.069501
0.963783
-0.989574
-0.965365
1.053162
-0.960025
0.999963
-1.131844
1.095907
-1.025565
-1.015725
1.002136
-1.107127
0.786734
1.009041
1.022342
-0.920156
1.113424
1.087925
0.990023
0.975160
-1.007466
-0.992782
-0.868041
-1.055714
-0.898740
-1.090071
-0.906247
0.994698
-0.905091
-0.804316
-1.038278
1.171557
0.996120
-1.047602
-1.198390
-1.053550
-0.946495
0.983776
0.938970
0.954754
-0.862494
-0.985961
-0.941862
-0.978281
-0.820922
-0.860877
0.793873
0.929441
1.121879
0.986858
-1.090209
1.085634
1.099805
0.929134
-1.049864
0.913602
-1.179061
-1.057648
1.010638
0.883444
1.149654
1.051875
1.110380
1.088643
0.912410
0.934293
-1.012212
1.034070
-1.067728
1.078326
-1.155801
-1.015150
0.965971
-1.030508
-1.052726
1.093487
1.036058
1.242469
-1.100325
-1.153141
-1.111549
0.977982
0.953393
0.866459
0.834288
0.875411
0.965011
-0.802625
-1.126246
1.077688
1.066176
-1.072221
-1.260920
-0.977485
0.959943
0.999905
-1.052513
-0.940780
0.878240
1.076660
-0.981872
-1.002917
1.107891
1.028524
-0.985674
-1.102705
0.993409
-0.991615
-1.028603
-1.031710
-1.096050
1.051270
1.017358
-0.910706
0.876609
-0.893378
0.998933
1.012264
1.037779
0.965656
-0.969307
1.048543
-1.068185
-1.032039
0.951754
1.106604
-0.831865
1.233085
-1.190772
-0.920215
-0.980707
-1.018206
-1.177327
-1.023847
-1.000876
-0.880055
1.149092
-1.058248
-0.987128
-1.193949
-1.111062
0.949126
-1.068663
-1.090769
0.891595
-1.040397
-0.976383
1.105413
0.897027
1.092839
-0.978869
-0.906038
-1.020844
-0.943219
-0.938875
0.990264
0.949250
-1.154984
-0.997945
-1.140985
0.869854
-1.061804
-0.914060
-1.096402
1.149612
1.012926
-1.140972
0.994522
-1.006928
-1.179676
-0.969317
-1.024897
0.922705
-0.989996
0.909647
-1.093517
-1.136714
-0.820282
0.959770
-0.939158
0.992382
1.075147
0.760044
-0.939120
0.979653
-1.097823
-0.971573
0.975847
1.057579
-0.885972
0.871325
-0.938618
-1.109028
1.010351
1.139465
0.824299
-1.030718
-0.940759
-0.909306
0.973992
-1.026759
-1.222387
-1.022927
-1.042585
-1.060700
1.048493
1.201280
-1.011242
-1.031606
-0.791388
1.108553
-0.780500
-1.060296
-1.113718
1.147795
-0.886551
0.934805
-1.139225
-1.044676
1.068174
-0.980336
1.057235
0.919293
-0.927959
-1.000842
-1.004278
-1.059104
-1.097396
-1.100988
1.016417
-0.995404
1.001763
1.132841
0.913751
-0.980184
1.133382
-1.037264
1.130055
1.199466
1.141544
0.989805
-1.161739
0.977619
-1.003606
-1.100476
1.002684
-1.073106
1.176225
-1.045487
0.935093
-1.068902
-1.125427
-1.037006
0.940604
-1.066009
-1.029708
-0.953838
-1.060788
-0.969865
-1.140627
-0.880434
1.007133
0.801655
-0.899560
-1.051319
-1.043591
0.993138
-1.094174
-1.058712
0.963962
-1.105667
-1.033552
-1.078678
-0.892148
1.017187
1.038454
-1.018716
-1.038071
-0.983508
-0.898882
0.885274
1.030843
-1.009702
0.928836
0.938002
1.039085
0.996156
-1.086251
1.071897
-0.975853
-1.133294
-0.836560
0.959047
-0.794259
-0.869340
-0.880602
0.806883
0.949418
0.993477
1.219769
-1.010994
-1.038641
0.926121
1.002640
-0.915998
1.106815
1.176547
1.098810
1.003129
1.015394
1.037596
-0.969270
-1.029162
-1.087199
0.959495
0.981948
1.072303
-1.014349
-1.054283
0.955647
1.047562
1.043866
0.878911
-0.911796
1.107213
1.015170
1.026790
-1.158278
1.070986
1.004807
-1.189704
-1.050805
-0.988873
-1.218761
-1.080703
-1.082848
0.994707
1.071613
-1.029279
1.071860
0.988809
-0.941848
0.947458
1.172108
-0.986124
-0.825156
1.132595
0.825855
-1.036466
0.955913
1.063253
-0.947282
