-0.984810
1.040869
0.909552
1.008562
0.765955
0.832775
-1.058044
0.966308
-1.013108
0.981823
-0.904982
-1.046967
0.902449
-0.904664
-0.911699
-1.012401
1.099979
-0.838878
-0.681231
1.105759
1.014885
-1.079685
0.984557
-0.893626
-0.892154
0.943386
1.066568
-0.914542
1.076829
0.805402
-0.977232
-0.961547
1.000891
1.201986
-1.256935
-0.902268
0.941593
0.943290
-1.162435
-1.040628
0.923190
-0.997767
0.840897
-1.127822
0.960665
1.022834
1.027887
1.083070
1.068669
0.941773
0.919232
-1.024098
-0.914732
0.815995
-1.098611
-0.947847
1.041180
-1.079607
-0.985631
-0.988598
-1.099697
1.007432
1.069690
0.800011
1.100832
-1.100988
1.099327
-0.842592
0.860235
-1.040026
1.075665
-1.038024
-0.994764
-0.807892
-0.918647
-1.160226
0.913416
-1.096678
1.042675
-0.930642
-0.902789
1.000228
-1.073806
-1.068257
-0.930623
-1.004559
-0.855054
0.976128
0.905842
1.210613
-0.960174
1.088112
0.911853
0.968588
-1.000788
0.927032
1.154464
0.870995
-0.778972
1.046130
1.045127
0.828424
-0.967612
1.112436
-0.990330
0.901450
1.006259
1.040490
-1.099740
-1.031028
-1.002803
1.017902
0.806220
1.014071
1.220861
0.759667
-1.034204
0.893710
0.873028
-1.088282
0.944866
-0.820992
1.054595
-0.811174
-1.066800
1.092263
-1.169720
1.075630
-0.915685
0.825007
-1.134887
-0.949677
-1.147171
-1.149141
1.092648
-1.223873
-0.908131
0.962555
-0.996992
-0.958267
-1.030528
0.909848
-0.916320
-0.938729
0.851259
0.890894
-1.096177
-0.973051
0.862789
1.160469
1.038416
1.069517
1.043906
0.948922
0.984963
0.866998
1.055541
-0.995495
0.720272
-1.063826
1.077850
-1.056843
-1.045480
-0.933208
0.921846
0.981397
-0.993100
0.943558
-0.966158
1.035687
-0.993763
-1.070180
-0.831110
0.916326
-0.869398
-1.013689
-0.855447
1.145677
1.099117
-0.884621
0.851491
-0.956908
0.985815
-0.840145
-1.033915
1.001237
-0.904085
1.034302
0.972632
0.874774
-0.962858
-1.071108
-1.086045
-1.081261
0.836688
0.978333
1.017334
-1.063064
-1.179344
1.003825
-0.908498
0.785309
1.020822
-0.947175
0.969133
-0.927534
-1.057807
0.973201
1.093416
1.099786
-1.021998
1.212197
-0.966645
-1.110475
-1.083447
1.139349
0.955366
-1.041748
0.984069
0.900348
0.807442
0.986074
-1.107968
0.934892
-1.004915
0.941096
-1.058228
0.841977
-0.900803
0.871749
0.969053
-1.249646
-0.997099
0.921937
-0.954256
0.977077
1.066117
0.992454
0.924252
1.072074
0.835106
1.015427
-1.002868
0.986640
-1.107063
1.001991
-1.157438
-0.884426
0.956251
1.009117
-1.000730
0.935491
-0.751537
-1.166637
0.942009
-1.085316
-0.890410
-0.962349
-1.198769
0.999042
0.977337
1.126340
-0.969973
1.034929
1.044905
0.962222
0.954566
-0.962458
1.121535
1.011128
0.915080
-1.101806
1.199768
-0.991141
-0.907593
0.995365
0.988788
-0.880436
0.964013
-1.048539
1.104158
0.983461
-0.965709
-1.161671
-1.024517
-0.981190
0.983590
0.855908
0.838727
-0.705783
-0.984978
1.069476
-1.020246
1.039307
1.058997
-1.037213
0.943267
-1.031351
-1.016820
1.043586
-0.854130
1.024070
1.021637
-0.906700
-1.099196
-1.058690
-0.820199
0.963421
-1.252627
-1.028508
1.135544
-0.888078
0.967840
-0.951175
0.908020
1.165913
0.894566
-1.117356
-1.171165
-0.838129
-1.174890
-1.090803
-0.819650
-1.000452
1.108298
0.856848
1.050984
0.991702
0.896901
-1.097496
0.867597
-0.923384
0.955435
-1.031434
0.959800
-1.137068
-1.167394
0.866685
0.874551
0.837672
-1.038788
0.971768
-1.125977
-1.037502
-0.854532
1.033678
-0.978432
-0.972899
-0.991019
1.064169
0.995187
1.282754
0.895603
-0.851230
-1.078012
-0.968439
0.899866
0.862863
1.015595
-0.981476
0.996076
-1.078953
-1.002813
-1.033148
1.094270
0.957931
-1.165741
0.950299
1.029792
0.981020
1.149972
0.971918
0.999929
-1.046899
-0.996594
1.263664
1.046924
-1.047755
-1.225042
1.049996
-0.920072
-1.026913
0.931247
1.126436
-1.079981
1.016807
-1.048476
0.955953
-1.086988
-1.056221
1.086411
0.998057
1.064195
-0.728531
-1.003587
0.952607
-0.912724
-0.827871
1.043692
0.944515
-0.995783
0.968622
1.248564
0.965290
1.081145
1.139589
1.132153
-1.052945
1.025409
0.832204
-1.115004
1.064824
0.954639
-0.996039
-0.933194
-0.973324
0.968236
0.897993
-1.020053
-0.782826
-0.985933
-1.154989
1.004698
0.999569
0.973940
-0.865471
-1.159104
1.043012
-0.813157
0.875486
1.203481
-0.879303
-0.961328
1.044097
-1.012641
-0.946103
-0.907371
1.214089
1.038183
0.908571
-1.094832
0.853697
1.048389
0.975454
1.111658
-0.979329
0.960744
1.027311
1.053619
0.919521
-0.947303
0.813662
-1.166848
-1.214234
-0.995109
1.024184
0.874873
-1.022354
0.977975
0.886598
-0.843163
0.939790
0.992269
1.012331
-1.083060
0.999391
-0.969414
1.003686
-1.031230
0.943700
-0.835665
0.960943
-0.982596
0.914216
0.970896
-1.108182
-0.901951
1.041055
1.050866
-1.008690
1.081300
-0.942432
0.985151
1.020931
-0.974164
0.895771
-1.221278
-0.944872
0.816938
1.045242
-0.929179
1.059879
1.085171
1.151210
0.863203
-0.769406
-1.019061
0.987794
1.098964
-0.924810
0.964030
-0.838154
-1.211965
0.997729
0.959668
-0.965245
0.995363
-0.844022
-0.962570
0.820754
0.995783
-1.051910
-0.821115
-0.994163
0.955833
1.017226
-1.055340
-0.988364
-0.935984
-0.909248
-1.053518
0.972551
0.989905
-0.885824
0.981223
-0.924659
1.033960
-0.828827
-0.933270
-0.986192
0.917037
-0.982825
1.025368
0.827791
-0.992412
1.010345
1.202997
1.081740
1.201257
-1.046356
-1.068221
-0.839159
-1.017989
1.045391
-0.907419
-1.217969
0.856389
-0.992352
1.003916
0.864393
0.985746
-1.213614
1.141504
-1.095641
0.941311
0.942431
-1.003800
0.982794
-1.058533
-0.960185
-1.092755
-0.918070
-0.868914
-1.057297
0.993018
0.845923
-1.065779
-1.109514
0.918660
1.213530
0.902866
1.004516
-1.066669
-1.031990
-1.202397
-0.859198
-0.913272
-1.178794
-0.965402
0.994110
-1.086014
-0.826845
1.155766
-0.956322
-0.934442
-1.011890
1.028093
-1.103175
-1.040740
-1.076445
1.131483
-0.930295
1.003576
-1.119290
1.027458
-1.010978
1.018524
-0.945044
-0.892549
1.030609
-0.956984
-1.011797
0.946001
0.912577
1.001667
0.965494
-0.873656
-0.984361
-1.149595
0.930846
1.061740
-1.058390
0.961262
1.095340
-1.058092
-0.982812
1.113274
1.009581
1.015142
1.068101
-1.010647
1.179006
-0.886592
0.906831
-1.037108
-0.993626
-1.132010
0.973768
1.025004
-1.187537
-0.892064
-0.885630
1.008780
1.096657
-0.938312
0.843455
-1.150709
1.027803
-0.976782
-1.028182
-0.979413
0.998675
0.982057
0.999383
0.964038
-1.039747
-1.053383
-0.880086
-0.924198
0.817551
-1.147535
-0.873738
1.182567
-0.807086
1.033055
1.011197
-1.214567
-1.015330
1.103985
0.997519
-0.931603
-1.052694
-1.052893
-1.008608
-1.186993
0.811840
-0.972982
1.065117
1.047330
-1.180499
-0.954853
0.957006
-1.077150
0.910415
0.958252
1.031141
-0.908788
-0.930846
-1.008602
0.962590
-0.959922
-0.923015
0.806404
-0.990261
0.954244
-0.946894
-1.007618
-1.181224
1.103516
0.821163
0.959411
0.886673
1.101514
-1.155149
-1.018328
0.858323
0.993428
0.868161
1.063873
0.979226
1.161703
-1.106715
1.121312
-1.089827
-1.131856
-1.090528
-0.832387
-1.178047
0.859861
0.939983
1.152982
0.891221
0.959943
-0.868699
-1.044634
1.016295
0.913842
-0.834837
0.846910
-1.092404
-1.053514
1.041107
-0.958961
-0.881822
-1.038562
1.072569
-0.922051
-1.081789
-0.960542
0.804500
-1.065717
-0.924972
1.131492
-0.981370
-1.024863
-1.110226
-1.314995
-0.786516
0.980271
0.969274
-0.908067
-1.032640
0.950840
0.985204
0.841360
-0.978786
-0.964577
0.947434
-0.909819
0.871592
1.059864
-1.004219
-1.034628
1.042306
-0.931854
-0.891823
-0.910427
0.938522
0.969433
0.909895
-0.999557
0.920029
0.939528
1.091448
0.983551
-1.063508
1.114627
0.927771
-1.120957
-1.071119
1.010359
-1.174206
-0.963373
1.046309
1.033680
1.141639
0.920048
1.135140
-0.820784
1.072043
1.055132
1.077177
-1.110603
1.070328
-1.261406
-0.958508
-0.845989
-1.048696
0.987499
1.007495
-1.019378
-0.970677
1.095198
-1.116238
0.913812
-1.021818
-1.096264
-0.976844
1.041084
1.149592
-1.138884
1.146457
0.972426
-1.066527
1.060242
-1.033801
0.874849
-0.952338
-1.193687
-1.001244
1.151607
1.065390
0.961914
-0.987591
-0.916609
1.043784
1.116551
0.950548
1.108439
-0.970387
-1.029235
0.831801
0.895386
1.029140
-1.014704
-0.897897
0.863253
-0.867591
0.964276
0.937676
-0.922936
0.968809
1.015647
1.054451
0.898504
1.012979
-1.022964
1.176147
-1.041809
0.937735
-0.977159
0.761423
-0.954761
1.061663
0.933653
-1.012205
-1.068857
0.888930
-1.125069
1.114385
1.000898
1.169489
0.972342
-0.920868
-0.821409
-1.024851
1.126906
-1.088850
-0.969740
-1.014558
0.918594
0.963218
0.907191
-0.924757
-1.108418
-1.103698
0.973027
-1.163281
1.081621
-1.089483
-0.952761
-0.941026
-1.057018
0.853676
-0.844306
-1.035172
0.963360
-0.918284
1.070810
0.946801
-1.054569
-0.852575
-0.985700
-0.916185
1.018769
0.862213
-1.024528
-1.034438
-0.856560
-1.089205
-1.076442
-1.146827
-1.024228
0.936202
1.108587
-0.906636
-1.073008
-0.988986
-0.822526
0.881379
1.014315
1.056627
-1.025218
0.848246
-1.022341
1.122686
1.005595
0.919498
1.040486
1.047716
1.051994
-0.971086
-0.942742
0.944260
-1.101331
0.943639
1.068305
1.012295
-0.921333
-0.792760
0.891111
-1.055299
-1.105277
1.042231
-1.049306
1.044585
-1.011807
0.949807
1.063949
-1.156603
0.828780
1.125865
-1.086211
1.164685
-0.971794
-0.999013
1.072353
1.133672
-1.024753
0.935118
1.150808
-0.982978
1.070526
0.995180
-0.929594
0.844989
1.108914
-1.030692
1.073266
0.869756
1.112615
1.056573
1.020353
-0.813617
-0.968127
0.900143
-1.027462
1.068127
1.031039
-1.008757
0.898959
0.900137
1.055600
0.810009
1.115439
0.969933
-1.113413
-1.016840
-0.899084
-1.140128
-1.038559
-0.868224
0.684765
-1.193317
0.891165
-0.925223
1.048348
-1.045656
-1.025031
-0.858085
0.903346
1.036561
-0.964527
1.142050
0.949105
1.008869
-1.080587
0.914678
-0.817448
-1.155108
-0.948526
0.749785
-1.179248
-0.943494
-0.968671
-1.059922
-0.973773
1.209184
1.054744
-0.990151
-0.921213
1.072328
-0.967760
1.067192
-0.907571
1.107243
0.930651
-0.854713
1.244513
0.972191
0.973885
-1.101573
-0.989041
-0.911773
0.930889
-1.114334
-0.944945
-0.949851
0.921483
-0.943420
-1.025254
0.731602
-0.852369
-1.155654
