-1.202836
0.955074
-0.976401
-1.083517
-1.127596
-0.938296
-0.938730
1.028938
-0.960468
-1.087056
-1.049769
0.989333
-1.068783
1.033188
-0.763478
-1.048223
-0.935255
0.896558
-0.866045
-1.096914
-0.979128
-1.061859
-0.948798
1.001135
-1.004399
-0.705091
0.936995
-1.004688
1.268303
-1.114669
-0.944700
-1.107646
1.103064
-0.967247
-0.934788
-1.027886
1.024519
1.147251
-1.227510
0.836671
-0.958453
-1.065477
-1.029635
0.850308
-1.090483
0.959582
-1.072580
-1.086649
0.957815
0.905733
-0.865812
0.901157
1.181794
-1.037444
0.854826
0.938132
1.093450
-0.894407
1.016023
1.028740
1.063291
0.854096
-1.058171
0.816985
-1.044910
-0.905073
1.071744
1.228783
-0.983327
-1.215649
-0.831060
-0.871772
-1.058263
-0.977739
1.077945
1.038471
1.069637
0.988728
-1.003882
-0.991191
-1.078966
-0.857704
1.000633
1.068648
-1.085493
-1.107524
0.990903
0.974723
1.119482
1.060606
-0.945949
-1.144494
0.903231
1.020205
0.965212
1.129009
-0.865885
-1.058080
-0.912486
-0.860455
1.032099
-0.837662
-0.893757
1.021411
-0.912320
1.019441
-1.041489
1.035846
1.003622
0.963537
1.177102
1.022127
-0.726962
-1.029617
1.056430
1.158262
1.272923
-0.969644
0.920974
-0.919662
0.868010
-1.027385
1.027187
-0.851045
-0.856286
-1.002756
-0.907607
-1.032128
-0.933888
-0.808471
1.015676
0.969946
-1.050003
-0.928353
1.133729
1.212568
1.005405
1.016304
0.936729
1.161199
-1.007545
-1.047324
-0.781576
-0.919012
1.071634
0.899443
-0.956601
-0.947986
-1.109224
0.977421
0.959508
-0.947214
-1.100696
1.108903
-0.821513
0.969625
-1.000870
-0.949336
-0.879675
-0.947798
1.039705
-1.048281
0.976850
1.061339
-0.831715
1.056839
0.879397
1.043306
-1.009212
0.975595
0.978081
0.912023
-1.032080
0.921558
-1.036496
-0.988273
-0.982566
-1.021566
-1.015261
1.003369
1.045828
-0.871837
1.062009
0.971333
1.059802
-1.024553
0.821926
0.765276
-1.171360
-1.023713
-1.061963
0.927984
-0.995934
-1.065898
0.936948
1.060963
1.078233
1.243658
-0.969759
-0.994168
-1.057413
0.980479
0.994947
-1.175578
0.974264
-0.925046
0.942924
-0.950577
-0.900856
1.107714
1.077684
-1.225984
-1.056438
-0.909851
-0.960532
-0.999515
-0.956308
1.113007
-0.984623
0.924137
0.981984
0.979221
1.089675
1.041231
1.054752
-0.985216
0.963773
1.006114
1.021671
0.860188
-0.982113
1.092758
0.988982
-0.842760
-0.943951
-1.042034
0.984605
0.972480
-0.975888
1.075469
-1.029191
1.045845
1.175529
1.093149
-0.917474
0.918519
-1.053420
-0.975745
-1.010065
-1.162505
-1.151442
1.102619
-1.075813
-0.792166
-1.222199
1.044876
-0.999937
-1.075624
1.040432
-1.079385
1.085978
-0.993313
-1.163939
-1.242475
0.971617
-0.885419
-0.981883
-0.994575
1.068775
-1.139341
-0.857463
-1.089385
-0.996224
-1.036357
-0.985044
0.805548
-0.847611
-0.945419
-0.799007
1.141667
1.001148
0.906095
0.826109
-0.998303
-0.978084
1.104582
-1.095098
-0.920520
1.007143
-1.077369
-0.922584
1.026565
0.976489
-0.812271
1.060924
-1.011027
-0.972254
1.008705
-0.982641
1.045359
-1.060352
-1.079702
1.036065
1.188509
-1.030682
-1.101272
-1.023855
-1.048401
0.967266
-0.952448
0.987000
-1.059435
0.955623
-1.132253
-1.085952
0.858700
0.948401
-1.108510
-1.070716
0.969835
-1.120044
0.998064
-0.965963
0.903677
1.111392
0.841389
-1.039179
-1.148469
0.965537
-1.132392
0.942517
-1.074071
-1.118500
0.793514
-0.943494
1.200014
-0.777667
0.950782
-1.004600
0.953425
-0.992405
0.908123
-1.191947
0.996356
-1.122513
-1.190243
-0.762575
-1.023335
-0.959612
1.119247
0.831524
-0.958685
-0.949825
1.008306
-0.984220
-1.052794
1.072306
0.915006
0.920362
-0.927466
1.168654
-1.038639
-1.050508
-0.959193
-0.892764
1.096798
-0.972985
-1.063441
1.062976
0.992077
1.137695
-1.140821
1.014123
1.128972
0.950506
-1.062482
-1.093363
0.972128
0.979948
1.013674
0.911665
1.008254
0.939613
-1.036873
0.916183
0.971752
-0.643013
-0.659247
1.114692
1.078726
0.872186
0.941541
-1.061941
-0.946470
-0.951701
-0.989152
-1.034028
0.907415
1.000532
-0.886085
1.042736
-0.981897
-0.934252
1.058425
-1.161645
1.001877
0.957404
-1.203403
0.867145
-1.031989
-0.917457
0.977071
1.026225
0.910202
-1.215730
-0.990608
-1.095118
-0.882741
-0.826490
-1.037170
1.119286
-0.904635
0.858496
-1.003336
1.026112
-0.947701
-0.932321
1.067440
-0.932160
0.968742
1.037924
-1.225290
-1.116835
-0.879803
-1.066074
-0.967244
1.150813
-1.088891
0.904072
-1.049272
1.044106
-1.020476
0.902219
-1.157295
-1.037026
0.977885
-1.053521
0.973803
-1.109541
1.054923
-1.217462
1.014461
1.066903
0.915117
0.994291
1.029179
0.938538
0.998636
-0.958789
-1.093715
-0.916484
-0.890546
-0.967882
-0.998489
0.883551
1.049484
-1.121585
-0.840921
-0.947352
1.026482
0.960640
-1.217631
0.880435
-0.963467
-0.758756
1.074025
-0.969025
0.945801
-0.987772
1.096228
-1.025397
-0.810824
0.877975
0.962376
-0.994757
0.804607
-0.943458
1.007779
1.008070
-0.920529
1.104369
-0.919782
0.953118
-1.004659
1.035345
-1.125680
0.896397
-1.042696
1.007767
-0.820907
-0.920274
-1.044250
-1.062909
-0.846620
1.273354
1.016744
0.952113
0.858735
1.097499
1.028972
-0.883459
-1.090871
1.024058
-1.065405
1.127495
0.944881
-1.008741
-1.034782
1.099396
-0.957156
-1.100419
-1.063269
0.895429
-0.949429
1.033195
-1.163541
0.809316
0.995960
-0.930281
1.016880
-1.154380
-1.155180
-0.913292
0.985463
-1.038624
-0.868380
0.920354
-0.986456
-0.958219
-0.918012
-1.085435
1.035732
1.274847
0.848702
-0.956602
-1.022977
0.917291
-1.083198
-0.950210
-0.768437
0.920617
-0.945904
-1.055906
-0.802343
1.054466
-1.013791
1.061988
0.999442
-0.889280
0.981441
-1.112142
1.024645
-0.843896
-1.119662
0.975765
1.100483
0.807987
-0.937455
-0.924704
-0.978652
0.922977
-1.000713
1.009319
-0.906475
-0.933648
-1.035023
-0.838012
0.994917
-1.081270
0.956158
1.085861
-0.980478
-0.911114
1.006922
1.248682
-1.166564
-1.041593
0.991578
-0.991075
1.145615
1.021945
-1.011488
1.006860
1.075149
-1.068943
-0.954919
-1.156502
0.992120
-1.094179
0.934714
1.028253
-1.112508
0.901103
-1.151586
0.777149
0.984848
1.116274
0.981806
-1.023395
0.895327
1.158332
-1.024941
1.129402
-0.963802
-1.026305
1.108214
1.098243
-1.011144
-0.870405
1.178130
0.993439
-1.025568
1.040464
-0.964824
-0.919249
0.974441
-0.928489
1.104860
-0.982245
-0.984670
0.874568
0.882720
-1.146144
-1.124429
0.984490
0.838509
-0.775393
1.073928
0.793235
-1.115455
-1.010719
0.828712
-1.045989
1.109100
-1.016388
0.993276
-1.100159
0.944434
0.864844
1.036421
0.954779
1.078337
-0.876276
-0.892280
-1.003484
-1.050399
0.877598
-0.988149
-0.904053
0.965907
0.982668
-0.938370
-0.913608
0.858309
1.019995
1.019583
0.984887
1.089278
0.963581
0.917381
1.027601
1.045980
0.978249
1.079612
0.848198
-1.107492
0.692783
-0.947859
0.900898
0.974687
-0.899073
-0.994899
0.955957
-1.084847
-1.024037
1.060293
0.848375
0.993165
-0.921761
0.857927
-0.933063
-0.931676
-1.088214
-1.150451
1.043314
-0.919174
-0.942106
1.076285
0.881787
1.058385
0.941999
0.943863
0.844410
-0.889979
1.017506
1.100361
-0.848899
-1.113724
-0.935698
-1.001276
-0.908574
-0.889231
-0.917953
0.918239
0.987351
-0.973586
1.315853
-0.877338
-0.767936
1.041450
1.021183
-0.938683
0.947222
-0.875840
-1.015763
0.862640
-0.912916
0.843147
-1.184425
-0.971159
0.904909
0.908927
0.983805
0.951110
0.977722
1.027207
0.883147
0.877577
0.790052
-1.039024
1.066428
0.929774
-0.949867
1.054031
-0.900925
1.098938
0.931116
0.914316
-0.995161
0.933515
1.145274
1.137985
-0.990486
0.957287
1.051081
0.934373
0.987498
-1.053047
1.010559
1.112835
1.074248
1.114360
0.908529
-0.982020
-1.098335
-0.961517
-0.967430
1.129631
-0.890077
1.065322
-1.050507
-1.047599
0.794844
-1.044830
0.844880
1.092983
1.090194
1.013829
-1.037841
1.014306
1.160504
-0.865088
-1.044844
-0.983159
-1.112050
1.040073
1.073906
1.090004
0.846878
-0.949538
0.913579
0.962345
-0.921199
-0.970179
-1.016374
1.060673
-0.836550
0.937651
0.864990
0.883776
0.905572
0.932879
1.057668
0.791423
-0.976404
-1.077842
1.109956
0.914444
-0.999244
0.906241
-1.068156
0.973986
0.977120
0.947519
-0.887168
-0.944986
-0.814485
-1.027730
-0.893337
-1.209924
-0.936152
-0.962853
0.962582
1.069535
1.087763
-0.896639
1.041979
-0.939893
0.932598
0.890482
-1.026762
-0.981345
-0.904906
0.920948
0.951052
-0.702553
0.937741
-0.807970
-0.903885
0.944220
-1.010656
-1.021516
1.047349
1.136564
0.836220
-0.797627
1.077779
-1.054890
-1.012601
-0.970042
1.029617
1.120078
-0.890983
-1.035870
0.987007
1.073374
1.012033
-0.886367
0.931323
-0.952832
1.028834
1.139185
-1.134550
-0.999925
1.005349
0.765809
1.124810
-0.719077
0.976782
-0.971297
-1.046460
-0.961568
-1.037983
-1.010178
-0.838185
0.915277
-1.057588
-1.007591
-1.013247
1.143931
1.203126
0.902180
-1.064102
1.052048
0.961930
-0.800715
-0.836413
-0.944098
-0.943636
-1.033840
-0.923635
1.112744
-0.985843
-0.807187
1.067064
-1.011011
-0.962904
-0.890341
0.960184
0.991454
1.237329
-1.047392
1.094634
-0.918184
-0.841103
-0.947399
-1.246520
-1.085253
1.051174
1.025777
-0.803755
-0.859369
-0.950317
1.008283
0.845152
-0.813684
-0.986597
0.845400
1.043328
-0.989705
0.942965
1.049306
-1.070751
-1.134803
0.824570
-1.036381
-1.062709
1.044015
0.849736
-1.020824
0.849487
-0.819026
-1.011697
-0.877379
-0.950506
-0.909141
-1.115422
1.125756
-0.854747
0.792319
-1.017649
0.934792
-0.984347
0.914977
1.027905
1.059709
1.024472
0.988165
0.871059
1.005756
0.947907
0.872097
-1.005623
0.979032
1.019210
-0.900767
1.057624
1.130578
-1.072931
-1.086457
0.990508
-0.861679
1.130368
-1.012581
-1.059687
0.847935
1.067184
-0.997716
0.882221
0.966542
0.817054
1.042999
0.982601
-0.836876
0.864057
-0.902949
1.014364
1.008260
1.071666
1.119348
-1.107106
1.131890
0.879000
-1.107411
0.932744
1.073646
0.893004
1.033472
-0.958812
-0.984588
-0.944543
-1.117285
1.100759
1.011352
-0.926995
-1.098351
-0.994797
1.087760
1.101414
-1.008435
-1.185353
-1.109682
1.021863
1.079425
1.046312
0.938737
1.224440
1.007235
-0.913449
0.958430
0.888506
-0.931475
1.103767
-0.817779
0.947101
-1.162797
1.161730
1.026414
-1.112715
-1.055918
0.919115
-0.883900
-0.940789
1.024275
