-0.977605
-0.998043
-0.943534
1.126413
1.103994
0.989120
1.085235
1.176241
-0.944352
1.100760
-1.060354
-0.819206
0.990822
1.102298
-1.040627
-1.138313
-0.969247
1.129396
-0.856941
-0.962010
-0.978421
0.917648
0.884207
-1.022785
-1.162334
-0.996996
0.944620
-1.102170
-1.005304
0.997910
1.007132
-1.189148
0.953574
-0.839672
-1.003428
1.064719
0.981075
-1.020157
1.192276
0.966984
-0.737460
0.952493
-0.887308
0.973447
0.900895
1.196973
-0.985008
0.960930
-0.989532
1.041822
1.163259
-0.686147
0.868332
-0.942753
-0.836523
-1.005227
-0.935575
-0.967705
-1.098072
-0.932747
1.079123
-0.852606
0.895045
0.835259
-0.950293
-1.091625
-1.067277
1.100522
-1.077254
-0.960745
-1.033539
-0.999502
1.236805
1.200628
-0.986214
1.169220
0.964676
-1.016911
1.176955
-0.992910
1.053180
0.961684
1.051304
-0.980904
-0.819028
-1.082269
-1.071269
-0.922503
1.042009
0.954151
1.034820
-1.011573
1.098707
-1.019003
-0.938979
1.056138
0.979087
1.011294
0.971496
0.932735
1.071704
0.862899
-0.970879
0.957749
-0.993772
-0.847125
-1.062155
-1.092359
-0.962384
1.034267
1.064587
1.218916
0.959565
-1.021050
1.025077
-0.885938
-1.106408
1.047743
1.014149
1.085529
0.771710
1.056656
1.173927
0.885593
-0.978685
1.066278
0.960766
0.969176
-1.032421
0.999362
-0.885559
-1.047198
-0.972674
-1.002021
-1.032806
-0.927943
0.926419
1.039085
1.046063
-0.830084
-1.121014
-0.834928
0.980517
0.884560
1.029582
0.955304
-0.888194
0.939990
-0.950407
-1.000058
1.000953
1.081918
1.086730
0.822880
-1.037704
0.985617
1.051959
-0.817195
1.144090
-1.108436
-1.127015
-0.953661
-0.821993
-1.053562
0.894068
1.186224
0.891298
-0.801286
-0.957186
0.840308
-1.032736
0.927339
1.077999
0.878618
0.958415
-1.165504
-0.994739
1.127004
-0.929227
0.990380
-0.843205
-1.032288
-0.936957
1.121236
0.890315
1.053549
-0.946577
-0.960419
0.981911
0.997888
-1.053643
1.023883
-0.968283
0.936929
-0.924973
0.919611
0.956511
-0.861084
0.953808
1.021799
-0.826486
-0.975916
0.910967
0.888037
0.903123
-0.892940
1.042686
0.981298
1.014832
1.210931
-0.919976
-1.017336
-0.958165
0.940232
-0.976852
-0.923122
-0.733506
-1.038825
1.157970
1.002106
0.990222
1.050881
-1.122923
0.962327
0.921853
0.943094
-0.834311
1.044153
1.175613
-0.758857
-0.990325
0.903759
0.929265
1.096201
-1.030281
1.087030
-0.802565
-1.294972
0.954280
1.006235
0.908716
1.092184
0.938956
-0.944211
0.884180
1.050507
-1.071846
-0.944656
-1.051117
-0.997642
-0.823400
1.114439
1.005902
-1.106563
-1.041174
1.159152
-1.066034
-1.171020
-1.115775
-1.129948
1.032199
1.020161
0.867466
-0.983703
0.913516
1.088037
0.824756
1.101774
0.887537
-0.987591
-1.067394
-0.984858
1.027127
-0.962615
-1.199292
0.977222
1.054946
0.813086
-1.162220
1.060852
-0.924810
1.002627
0.959978
-0.995347
-1.034262
1.123630
-0.921389
-0.907961
-0.919643
1.098777
-0.884202
-1.046491
0.985435
0.964215
-1.043815
-1.083117
-1.049484
0.969336
-1.100028
-1.027857
1.072682
-0.984465
-0.972847
0.979485
0.927711
1.048638
0.964920
-0.945039
-1.016151
-0.981448
0.988844
0.953005
1.095931
-0.941960
1.039400
0.822572
0.932208
1.018477
-0.934194
-1.099379
-1.067218
1.136486
0.922060
0.967943
1.034022
-0.931590
-1.044822
0.958251
-0.968322
-1.046209
1.144793
-0.910028
0.924159
-0.972849
0.725256
-1.084684
-0.918440
-1.163887
-0.861746
0.938047
-1.055139
0.975638
1.045856
-0.978872
0.962858
-0.938152
-0.952891
-0.969957
0.941261
-0.927465
-0.817935
0.863865
-0.955197
1.076349
-1.019147
1.030788
-0.892324
-1.021658
1.094169
-0.847210
1.007887
-1.025253
0.822684
-1.072285
1.079512
-1.018940
-0.774612
-1.178598
1.062104
-1.085282
-1.043297
1.000771
-1.236700
1.113904
1.005666
1.058116
1.031889
0.821841
0.925169
0.956208
-1.005751
1.072371
-1.017448
-1.043060
1.133693
-0.850560
-1.007108
-0.965038
-1.002988
0.897826
-1.169179
0.842217
-1.229688
-1.003405
1.070989
-1.007905
-1.128213
0.937313
0.999883
-0.870744
0.796687
1.136848
-0.877490
1.173482
1.001333
1.172168
-0.887366
-0.805745
0.919595
1.041458
-0.921525
1.143513
1.097522
-1.004972
0.959714
-0.990220
-1.029097
-1.056306
-1.107951
-0.814595
0.922825
0.872224
-0.945684
1.157239
0.827296
-1.022885
0.969446
-0.941662
0.884599
0.996776
-0.842995
1.085374
0.870567
-0.996176
1.078102
-1.074260
0.914481
-0.975652
0.823849
1.020463
0.942480
0.906157
1.064549
1.022413
-0.839501
1.048173
-1.062960
-0.901802
-1.062697
1.055741
1.157024
1.190105
-1.011849
-1.147806
0.949092
1.198363
1.112884
-1.010621
-1.079238
-1.124231
-1.157138
0.979138
-0.825490
0.911157
0.861402
-1.066817
-0.930884
-1.179679
-0.915829
-1.151986
0.987977
1.065966
1.024398
1.061474
-0.903383
1.062076
-0.947089
-0.972424
-1.150722
-1.136495
1.103157
1.066807
0.823238
1.030269
-1.044017
0.851448
-0.990639
-0.934811
-1.034797
0.897267
1.078562
-1.122158
-0.829201
0.992475
0.917874
1.029692
0.965675
1.116991
1.091798
0.876567
-1.006080
1.055658
-0.928770
-1.098687
1.068966
-0.929029
-1.054426
1.020776
1.076940
-1.003463
-1.248558
-1.037740
-0.933666
0.960272
-1.094907
1.098083
0.911832
1.041007
-1.176345
0.875229
1.070711
0.946023
-0.836111
-0.891083
-1.081173
-0.876973
1.008810
-0.965658
1.099256
-1.007240
1.084260
1.086918
0.906409
0.938097
-0.898133
-1.017630
0.990729
-0.913682
1.151203
1.068937
-0.988915
1.141927
-0.942148
1.049109
1.076270
0.972279
-1.048521
0.972328
-0.920181
0.938759
-1.069146
1.123448
0.918052
1.032734
-0.933248
1.077559
-1.019103
-1.128865
-0.918339
-1.094247
-1.000990
-1.014812
0.909308
0.852204
-1.039412
0.998268
-1.011220
-0.988031
-0.990440
-0.914733
-1.086491
-1.095955
-0.892790
-0.985042
1.026779
-1.010181
-1.193720
-0.991297
-1.033175
-1.022201
0.938416
-1.080558
1.046025
0.941737
1.031374
1.117433
1.114993
1.047386
-0.926043
-1.021185
1.024234
-0.758200
1.091718
-1.059894
-1.077557
-0.863916
-1.022626
-0.965090
1.211349
1.000691
1.104928
1.181697
1.096543
-1.095474
-0.814088
-0.919291
1.030174
0.993638
-0.916457
1.017181
1.018211
0.997026
-0.893425
-1.298554
-0.976460
-0.989202
-0.914796
-0.884283
0.905732
-1.028481
-0.982378
-0.831321
-1.097904
-1.108648
0.916045
-1.035644
-1.086279
1.111611
-1.216386
-1.206621
-1.053220
1.162279
-0.928803
-0.852702
-1.007604
-0.990454
-1.079562
-1.221725
0.890567
-0.992476
-1.155290
0.850652
-0.808650
-1.052794
-1.076717
0.932495
-1.067946
1.006726
-0.894116
-1.211162
0.995013
-1.006725
1.077872
-0.999615
1.036892
-1.150804
-1.020625
-1.059955
0.960594
0.799830
-1.079985
1.048260
0.869943
1.049901
1.040017
-1.173383
1.091011
-0.794498
-0.915838
0.948686
0.955960
1.147530
0.938890
0.862338
-1.071703
-0.986812
1.197334
-1.209395
-0.961927
-0.977292
-1.023638
-0.925952
0.768492
0.989198
0.915587
0.911110
-0.836275
0.882929
-1.077344
-0.858491
0.985550
-0.698493
-1.279235
-1.061717
0.961343
0.772678
1.075742
-0.952414
-0.898755
-1.024641
-1.090608
-0.912593
0.977051
0.925276
-1.102415
0.998030
-0.991558
1.075612
-0.940112
-1.114162
0.844074
-1.081318
-0.875872
0.952245
-1.007609
1.118211
1.117840
-1.014880
1.005954
1.016605
1.060499
-1.101266
1.155983
1.034525
0.849569
-1.021185
-1.200208
1.114642
1.069694
-1.145139
-0.870959
-0.925451
-1.100884
-1.129411
1.058870
1.129817
0.984440
-1.026290
-0.987839
-1.063752
-0.963916
0.919060
0.783218
-1.012111
0.976908
0.916953
0.888371
-1.067534
-1.046670
1.117729
-0.994800
0.873378
-1.267942
-1.011677
-0.858591
-1.065355
-0.908621
1.180554
-0.985880
-0.879326
0.984862
0.935557
0.914318
1.108792
0.859836
1.179990
0.990715
-1.029856
-1.082411
-1.093353
0.958955
1.164762
-1.092734
-0.997882
0.993892
-1.122784
0.892094
1.001525
-0.939820
-1.071220
-1.032670
0.942100
-1.037515
-1.029510
-1.030885
-0.935268
-0.935075
0.851906
-0.844228
1.001713
0.948086
-1.107873
1.074824
-0.922080
-1.090554
-1.020365
1.059410
-1.089799
-0.848235
0.797237
1.003158
1.209029
1.064372
-0.993541
-0.903694
0.965000
0.959695
-0.962288
1.048582
-1.045967
1.210079
0.839574
0.880077
-0.974731
-0.834685
0.956006
-0.943196
-0.876128
-1.007479
-0.867876
0.886633
0.734272
1.019980
-0.931787
1.062651
-0.862421
1.113194
-0.995993
-1.134174
-0.954982
-1.105547
0.942379
-0.988803
1.127687
1.038139
1.005150
0.848788
0.974671
1.038664
0.978240
-1.028207
-1.004540
0.919399
-0.947067
0.990501
1.001739
-1.029278
-0.941341
0.976075
-0.916918
0.937080
-1.085910
-1.138102
0.894753
-1.071022
-1.027872
1.019760
-0.774448
1.087489
-0.851994
-0.910025
-0.908898
0.924646
-1.188023
-1.057016
1.037345
0.906408
-1.017351
-1.149865
1.128690
-0.991877
-0.969692
-0.956223
0.909306
-1.166263
1.028000
1.142153
1.063903
-1.299804
0.942884
0.969944
-0.992830
-0.993481
-1.061723
-0.917031
-1.072191
0.992934
1.042002
1.180744
-0.959278
-0.958341
-0.959176
1.006271
-1.012349
-1.024287
0.908251
0.967655
1.173832
0.812402
1.052381
0.942035
-0.912920
-1.183663
-0.973380
0.916669
0.974766
0.965927
1.185117
-1.117411
-0.857914
-0.992621
1.018145
-1.072169
1.175031
-0.988178
-0.983657
-0.892069
-1.103679
-1.041029
-0.948426
-1.050503
0.941631
1.050819
0.938554
1.042125
-0.983797
1.102757
-1.155010
1.017538
-0.960022
0.905913
1.038686
-1.114312
-1.108874
-1.065456
-0.919749
1.319486
-1.032625
-0.731406
-1.132207
-0.907468
0.984378
0.935371
-0.964345
-0.926813
-1.026726
-1.166672
-1.018608
0.965746
-0.891438
-1.022786
-0.901229
0.927849
-1.070106
-0.904150
1.008986
0.966537
-0.997697
0.880601
1.020321
-1.010591
-1.065057
1.086579
0.974877
0.904755
-0.971129
1.047721
1.264192
-0.983304
-1.130061
1.020549
1.064990
-1.001437
-0.980619
0.904718
-1.107500
0.836212
-0.954634
1.026836
0.867417
0.785042
0.832972
0.929997
1.032066
-0.747953
1.096180
1.026059
0.986826
0.898488
-0.843765
0.992224
-1.083614
-1.095979
-0.977150
-0.962968
1.081542
-1.060839
0.768079
0.869040
-1.044522
-0.955001
-1.045219
0.931475
-1.042073
-0.907285
-0.873444
-0.901889
-0.906636
-1.159396
-1.050315
-1.114285
-0.947388
-0.925095
0.993484
-0.971989
-1.010010
1.020380
-1.025345
-1.124802
0.955477
-1.058416
1.064590
1.010253
0.988474
