1.069916
1.026965
1.049429
0.851688
-1.102026
-1.044700
-0.989034
-0.887126
-1.028996
1.126155
1.047542
-0.882588
-0.987305
-1.065682
-1.148140
-0.984451
-0.918145
0.970741
-1.054079
0.969136
-1.109659
-1.049301
0.981926
1.004584
-1.006378
-0.938866
-0.989068
-0.818598
1.031202
1.180449
0.927688
1.052655
0.973975
-0.939986
1.059393
-1.218602
0.867296
-1.144101
1.040184
-0.852980
-1.032681
-0.918768
-0.945446
-1.105163
1.039747
-1.075189
-0.848373
0.996743
-0.836400
0.957494
-0.941057
0.993721
-1.202196
-1.098213
1.061251
0.994511
0.888127
0.937362
-0.975048
-1.099302
1.097495
0.935929
-0.819114
-1.107987
1.019919
0.847897
-1.072363
-1.059325
-0.959866
-0.905787
-0.969951
-1.037307
-0.918451
-0.920111
-0.987979
-0.942875
-0.958720
0.901304
-0.924043
0.934280
-1.060392
-0.982305
0.969250
0.986818
1.059536
-0.895317
-1.019796
1.032768
-1.023830
-0.977040
-0.956000
-1.061687
-0.972516
-0.939890
1.009231
1.172984
0.939144
-1.073706
0.825012
-0.908952
1.086708
-1.007989
1.089848
-0.981630
1.029079
-0.988706
1.043995
-0.989834
-0.721266
-1.116667
0.814570
0.885932
0.890666
0.956639
-1.016847
-1.021853
-0.945867
1.038927
-0.924877
1.177826
-0.877694
-1.128326
0.767105
1.090193
0.816436
1.006676
-0.996452
-0.777283
0.993079
-1.050732
-0.976419
1.024580
-0.992995
0.939142
-1.122259
1.031650
-1.134287
0.896782
-0.866878
0.958110
-1.014032
-0.910018
-1.030011
-0.897063
0.965493
1.101280
1.062933
0.978698
0.913430
-1.104311
0.972993
-1.043814
0.959133
1.098355
-1.029770
-0.885632
0.946838
1.097257
0.947775
1.017658
1.097074
-1.041397
0.956173
-0.799661
1.095099
-1.043200
1.064894
-1.036008
-0.929411
1.141585
0.839548
-0.897115
1.145797
1.004747
1.174626
1.015539
0.876288
0.780651
-1.033341
-0.928646
1.031741
-0.958639
0.942291
-0.985600
-1.163867
-1.076009
-1.081879
-0.948027
0.998584
0.884447
0.999048
0.931019
-1.066670
-0.913585
-0.988658
-0.960164
1.088397
1.018026
1.055085
1.068296
1.117061
-0.952414
-0.858777
1.002261
-1.004787
-0.829867
-1.050971
-1.000285
1.091987
-0.985019
1.140493
-0.896588
1.029157
0.922230
-0.943330
-1.138262
1.024447
1.080844
1.021304
1.087968
-0.796112
-0.907607
-0.973308
-0.935834
-0.957451
0.868528
0.958359
-0.877531
-1.004358
1.058242
0.899350
-0.993548
1.060029
0.863849
1.034759
0.981816
0.906047
-1.003753
-1.189630
0.787202
-1.117692
-1.099053
-1.117303
-1.172543
-0.971177
0.840582
1.011022
-0.921293
0.999777
-0.990689
0.962184
-1.148268
0.995618
-0.903917
1.173824
-1.043021
