-1.035113
1.421350
-0.601465
1.400843
1.189928
-1.341529
1.202866
-0.538900
-0.861720
1.292655
-0.794406
0.914174
1.083119
-1.222677
1.251276
-1.324440
0.697678
-1.228961
0.167231
-0.593165
-0.908022
0.786474
-0.612421
0.515910
0.971081
-1.068292
1.090285
-0.911510
-1.244625
0.991500
-1.046635
1.177542
1.309222
-0.686250
0.755722
-0.978120
-1.343404
0.685054
-1.001937
1.433493
0.782306
-0.894958
0.936195
-0.683964
-1.308034
1.009209
-0.843722
1.311300
1.436769
-0.975695
0.578115
-1.209955
-1.300261
1.664810
-1.174119
1.211588
0.945576
-0.748663
0.783668
-1.396622
-1.402309
1.138082
-1.050169
0.944548
-0.598558
1.082473
-0.944051
1.449069
0.772463
-0.802965
1.236199
-1.068933
-0.938999
0.670250
-1.324690
1.029663
1.204284
-0.268713
0.811375
-0.947015
0.976667
-1.546741
0.875842
-1.507612
-0.762306
0.748827
-0.971689
0.845984
1.085849
-1.169798
1.138583
-0.790877
-0.515805
0.945094
-1.604818
0.762528
1.383137
-1.303251
1.271799
-0.964913
-0.593641
0.445374
-1.055918
0.658370
1.822509
-0.766593
1.390032
-1.299299
-1.132545
0.922934
-0.689319
0.921406
1.198426
-1.580341
0.899916
-1.232945
-1.446059
1.143677
-0.920243
1.009470
0.622779
-0.681097
1.099046
-1.084589
-0.993526
0.925897
-1.495035
0.919206
-1.235146
0.723039
-1.327080
0.849087
0.433569
-0.727275
1.147095
-1.005665
0.990165
-1.225755
1.288128
-1.037680
-1.202100
1.382230
-1.063575
0.833397
0.916914
-1.239830
0.683180
-0.285539
-0.531755
1.086984
-1.355567
0.755209
-1.049931
1.223846
-1.376748
0.341014
0.590133
-0.905669
1.110692
-0.872246
-1.036850
1.051955
-1.134676
1.243817
0.614855
-0.871298
0.759949
-1.094720
1.156351
-0.706101
0.683884
-0.643432
-0.813283
0.980805
-1.055217
0.938452
-1.085732
1.006518
-0.985493
1.233646
1.431894
-0.867937
0.940684
-0.823169
1.051824
-1.291262
1.268480
-0.913150
-0.961767
1.145734
-0.926063
0.733708
0.954084
-1.041310
0.849524
-0.524229
-1.247694
0.863156
-1.201385
0.667883
-1.054374
0.922481
-0.567230
0.929565
0.698995
-0.546474
1.349220
-1.064948
-1.426006
0.874240
-1.044107
1.078084
0.926132
-0.874581
1.110844
-1.353745
0.731876
-1.209616
0.856368
-1.090672
-0.996473
0.143219
-1.129263
1.351417
0.698291
-0.735902
1.099086
-1.008204
-0.948395
0.557335
-1.023911
1.453665
-0.972183
1.011702
-1.207654
0.991285
1.065718
-0.879399
0.894554
-1.066879
1.572386
-1.638759
1.630582
-0.904523
-0.717140
0.529303
-1.166887
0.921352
-0.880438
0.527596
-0.866602
0.656955
1.018721
-0.815486
1.092507
-0.693785
