-0.868520
1.132876
1.152636
1.008418
-1.073289
-0.954900
0.777309
-0.992936
-1.128033
-1.149004
-0.873492
1.026443
-1.164615
1.028756
-1.039140
-0.884015
0.844548
0.880921
-1.015461
0.883992
0.958498
-0.934831
-1.121469
-1.077821
-1.140866
1.116991
0.834152
1.122754
-1.038710
-1.114901
0.948466
-0.914481
1.058158
-1.020305
0.959591
0.961038
0.969264
1.080158
-0.752065
0.940909
-1.097415
-1.056521
-0.809554
1.132881
-1.014301
0.731743
0.955702
1.209274
0.972101
0.859749
-1.142991
1.008976
-0.927771
0.887824
-1.024185
-0.939181
0.953515
-1.073364
1.073196
1.062761
-1.022122
-0.967832
1.023839
-0.948843
